101
0.5 0.505 0.52 0.545 0.58 0.625 0.68 0.745 0.82 0.905 1 
0.50005 0.50524867 0.52082884 0.54674393 0.58291942 0.62925735 0.68564223 0.75194815 0.82804659 0.91381463 1.009143 
0.56 0.50560115 0.52176102 0.54859046 0.58594047 0.63361518 0.69138368 0.75899422 0.83618987 0.92272486 1 
0.59 0.50665923 0.5227999 0.5505422 0.58906477 0.63807394 0.69722354 0.76613615 0.84442655 0.93154249 1 
0.62 0.50871211 0.5239548 0.55260174 0.59229393 0.64263411 0.70316104 0.77337185 0.85275149 0.94017354 1 
0.65 0.5120303 0.52524374 0.55477173 0.59562957 0.64729614 0.70919537 0.78069924 0.86115684 0.94852864 1 
0.68 0.51686033 0.52669583 0.55705502 0.5990733 0.6520605 0.71532575 0.78811617 0.86963134 0.95652472 1 
0.71 0.5234201 0.52835315 0.5594549 0.60262672 0.65692764 0.72155139 0.79562034 0.87815962 0.96408663 1 
0.74 0.53189501 0.53027216 0.56197548 0.60629143 0.66189801 0.72787147 0.80320922 0.88672178 0.9711484 1 
0.77 0.54243473 0.53252443 0.56462219 0.61006904 0.66697205 0.7342852 0.81087985 0.89529308 0.97765442 1 
0.8 0.55515101 0.53519678 0.56740239 0.61396122 0.67215019 0.74079174 0.81862866 0.90384386 0.98356029 1 
0.83 0.57011623 0.53839073 0.57032613 0.6179697 0.67743286 0.74739024 0.82645126 0.91233966 0.98883338 1 
0.86 0.58736304 0.54222129 0.57340694 0.62209637 0.68282046 0.75407977 0.83434213 0.9207415 0.99345321 1 
0.89 0.60688479 0.54681513 0.57666279 0.62634339 0.68831342 0.76085933 0.84229437 0.92900647 0.99741138 1 
0.92 0.62863701 0.55230813 0.58011697 0.63071331 0.69391214 0.76772779 0.85029938 0.93708837 1.0007114 1 
0.95 0.65253956 0.55884252 0.58379903 0.63520925 0.69961703 0.7746838 0.85834656 0.94493861 1.0033681 1 
0.98 0.67847975 0.56656343 0.58774562 0.63983517 0.70542851 0.78172577 0.86642304 0.95250722 1.0054068 1 
1.01 0.70631598 0.57561534 0.59200129 0.64459612 0.71134702 0.78885175 0.87451339 0.95974398 1.0068624 1 
1.04 0.73588204 0.58613811 0.59661904 0.64949863 0.71737307 0.79605929 0.88259942 0.96659963 1.0077782 1 
1.07 0.76699184 0.59826313 0.60166079 0.6545511 0.72350725 0.80334537 0.89066006 0.97302706 1.0082045 1 
1.1 0.79944444 0.61210941 0.60719745 0.65976422 0.72975024 0.81070622 0.89867122 0.97898259 1.0081969 1 
1.13 0.83302924 0.62777992 0.61330891 0.66515153 0.73610293 0.81813716 0.90660584 0.98442715 1.0078152 1 
1.16 0.86753126 0.64535822 0.6200835 0.67072993 0.74256645 0.82563244 0.91443399 0.98932738 1.0071215 1 
1.19 0.90273623 0.6649055 0.62761731 0.67652024 0.74914226 0.83318508 0.92212306 0.99365661 1.0061787 1 
1.22 0.93843553 0.6864582 0.63601302 0.68254773 0.75583228 0.84078667 0.92963808 0.99739573 1.0050488 1 
1.25 0.97443071 0.71002623 0.64537853 0.68884272 0.762639 0.84842723 0.93694217 1.0005338 1.0037919 1 
1.28 1.0105375 0.73559182 0.65582517 0.69544103 0.76956564 0.85609505 0.94399702 1.0030685 1.0024645 1 
1.31 1.0465895 0.76310921 0.66746562 0.70238443 0.77661633 0.86377661 0.95076357 1.0050065 1.0011185 1 
1.34 1.0824408 0.79250496 0.68041171 0.70972097 0.7837963 0.87145643 0.95720268 1.0063632 0.9998002 1 
1.37 1.1179683 0.82367914 0.69477181 0.71750516 0.79111212 0.87911711 0.96327593 1.0071626 0.99854953 1 
1.4 1.1530733 0.85650714 0.71064833 0.72579809 0.79857192 0.88673933 0.96894646 1.0074371 0.99739949 1 
1.43 1.1876818 0.89084221 0.72813493 0.73466725 0.80618566 0.89430194 0.97417983 1.0072262 0.99637584 1 
1.46 1.2217452 0.9265186 0.74731392 0.74418628 0.81396537 0.90178218 0.97894488 1.0065764 0.99549693 1 
1.49 1.2552388 0.96335521 0.76825369 0.75443438 0.82192546 0.90915587 0.98321462 1.0055395 0.99477385 1 
1.52 1.2881612 1.0011596 0.79100628 0.76549558 0.83008295 0.91639784 0.98696702 1.0041717 0.99421068 1 
1.55 1.320532 1.0397326 0.81560529 0.77745776 0.83845771 0.92348236 0.99018577 1.0025322 0.99380502 1 
1.58 1.3523894 1.0788722 0.8420641 0.79041142 0.84707271 0.93038366 0.99286096 1.000682 0.99354858 1 
1.61 1.3837878 1.1183789 0.87037447 0.80444821 0.85595422 0.93707663 0.99498958 0.99868222 0.99342798 1 
1.64 1.4147943 1.1580597 0.90050562 0.81965933 0.86513188 0.94353751 0.996576 0.99659299 0.99342566 1 
1.67 1.4454854 1.1977323 0.93240384 0.83613364 0.87463888 0.94974471 0.9976322 0.99447191 0.99352074 1 
1.7 1.4759441 1.2372291 0.96599265 0.8539557 0.88451189 0.95567973 0.99817793 0.99237293 0.99369013 1 
1.73 1.5062563 1.2764007 1.0011735 0.87320369 0.89479101 0.96132805 0.99824063 0.99034516 0.99390945 1 
1.76 1.5365073 1.3151186 1.0378268 0.89394726 0.90551962 0.96668013 0.99785524 0.988432 0.99415403 1 
1.79 1.5667794 1.3532775 1.0758143 0.91624534 0.91674412 0.97173236 0.99706387 0.98667029 0.99439985 1 
1.82 1.5971487 1.3907967 1.1149808 0.9401441 0.92851352 0.97648801 0.99591525 0.98508981 0.99462438 1 
1.85 1.6276829 1.4276213 1.155157 0.96567492 0.94087896 0.9809582 0.99446411 0.98371293 0.99480731 1 
1.88 1.6584398 1.4637219 1.1961631 0.9928526 0.95389316 0.98516265 0.99277039 0.9825545 0.99493123 1 
1.91 1.689465 1.4990941 1.2378116 1.0216738 0.96760965 0.98913048 0.99089843 0.981622 0.99498207 1 
1.94 1.7207919 1.5337571 1.2799116 1.0521157 0.98208198 0.99290079 0.98891604 0.98091587 0.99494949 1 
1.97 1.7524405 1.5677521 1.3222721 1.0841353 0.99736284 0.99652306 0.98689348 0.98043007 0.99482708 1 
2 1.7844178 1.6011391 1.364706 1.1176685 1.013503 1.0000574 0.98490259 0.98015288 0.99461242 1 
2.03 1.8167182 1.6339946 1.4070339 1.1526304 1.0305504 1.0035747 0.98301575 0.98006778 0.99430705 1 
2.06 1.8493241 1.6664077 1.4490873 1.1889155 1.0485488 1.0071562 0.98130502 0.98015456 0.99391621 1 
2.09 1.8822076 1.6984768 1.4907122 1.2263987 1.067537 1.010893 0.9798413 0.98039045 0.9934486 1 
2.12 1.9153318 1.7303056 1.5317717 1.2649365 1.0875474 1.0148858 0.97869359 0.98075144 0.99291592 1 
2.15 1.9486524 1.7619992 1.5721481 1.3043686 1.108605 1.0192433 0.97792837 0.98121349 0.99233243 1 
2.18 1.9821199 1.7936609 1.6117453 1.344521 1.1307266 1.0240812 0.97760916 0.98175388 0.99171443 1 
2.21 2.0156816 1.825388 1.6504893 1.3852076 1.1539198 1.0295209 0.97779612 0.98235242 0.99107968 1 
2.24 2.0492836 1.8572691 1.6883295 1.4262342 1.1781818 1.0356873 0.97854588 0.98299268 0.99044686 1 
2.27 2.0828726 1.8893809 1.7252382 1.4674012 1.2034994 1.0427073 0.97991153 0.98366301 0.98983503 1 
2.3 2.1163979 1.9217862 1.7612099 1.5085076 1.2298481 1.0507072 0.98194265 0.98435755 0.98926313 1 
2.33 2.1498132 1.9545319 1.7962604 1.5493543 1.257192 1.0598109 0.98468556 0.98507699 0.98874954 1 
2.36 2.1830775 1.9876476 1.8304245 1.5897486 1.2854837 1.0701371 0.98818365 0.98582925 0.98831173 1 
2.39 2.2161567 2.0211455 1.8637541 1.6295069 1.3146645 1.0817973 0.99247772 0.98662987 0.98796598 1 
2.42 2.2490243 2.0550195 1.8963152 1.6684593 1.3446652 1.0948929 0.99760651 0.98750233 0.98772721 1 
2.45 2.2816616 2.0892465 1.9281847 1.7064523 1.375406 1.1095134 1.0036071 0.98847808 0.98760892 1 
2.48 2.3140581 2.1237871 1.9594475 1.7433521 1.4067984 1.1257338 1.0105155 0.98959644 0.98762323 1 
2.51 2.3462113 2.158587 1.9901927 1.7790474 1.4387457 1.1436126 1.0183669 0.99090425 0.98778104 1 
2.54 2.3781261 2.1935791 2.0205105 1.8134511 1.4711446 1.1631903 1.0271961 0.99245545 0.98809227 1 
2.57 2.4098142 2.2286861 2.0504883 1.8465024 1.5038871 1.1844876 1.0370378 0.99431043 0.98856621 1 
2.6 2.4412929 2.2638224 2.0802083 1.8781673 1.5368618 1.2075044 1.0479268 0.99653524 0.98921193 1 
2.63 2.472584 2.2988972 2.1097439 1.9084396 1.5699559 1.232219 1.0598976 0.99920074 0.99003877 1 
2.66 2.5037124 2.3338174 2.1391581 1.9373401 1.6030575 1.2585878 1.0729847 1.0023816 0.99105683 1 
2.69 2.5347046 2.3684899 2.1685007 1.964916 1.6360572 1.2865452 1.0872218 1.0061552 0.99227758 1 
2.72 2.5655877 2.4028247 2.1978073 1.9912391 1.6688504 1.3160045 1.1026414 1.0106007 0.99371432 1 
2.75 2.5963873 2.4367369 2.2270985 2.016404 1.701339 1.3468586 1.1192743 1.0157978 0.99538279 1 
2.78 2.6271265 2.4701493 2.256379 2.0405252 1.7334335 1.3789817 1.1371482 1.0218255 0.99730158 1 
2.81 2.6578247 2.5029937 2.2856388 2.0637341 1.7650544 1.412231 1.1562873 1.0287611 0.99949259 1 
2.84 2.6884963 2.5352129 2.314853 2.0861752 1.7961338 1.4464491 1.1767105 1.0366794 1.0019814 1 
2.87 2.7191501 2.5667613 2.343984 2.1080026 1.8266168 1.4814666 1.1984308 1.0456509 1.0047973 1 
2.9 2.7497885 2.5976058 2.372983 2.129376 1.8564621 1.5171053 1.2214537 1.0557418 1.0079738 1 
2.93 2.7804072 2.627726 2.4017922 2.1504563 1.885643 1.553181 1.2457759 1.067012 1.0115482 1 
2.96 2.810995 2.6571136 2.4303474 2.1714019 1.9141475 1.5895073 1.2713846 1.0795153 1.0155618 1 
2.99 2.8415341 2.6857723 2.4585807 2.1923644 1.9419781 1.6258988 1.2982558 1.0932977 1.0200594 1 
3.02 2.8720002 2.7137168 2.4864238 2.2134851 1.9691517 1.6621746 1.3263538 1.1083974 1.0250887 1 
3.05 2.9023635 2.7409712 2.5138105 2.234892 1.9956989 1.698162 1.3556305 1.1248435 1.0307002 1 
3.08 2.9325892 2.7675679 2.5406795 2.256696 2.0216627 1.7336995 1.3860247 1.142656 1.0369461 1 
3.11 2.9626388 2.7935459 2.5669776 2.2789896 2.0470972 1.7686398 1.4174619 1.1618451 1.0438797 1 
3.14 2.9924711 2.8189491 2.5926616 2.3018441 2.072066 1.8028529 1.4498547 1.1824108 1.0515541 1 
3.17 3.0220434 2.8438248 2.6177002 2.3253091 2.0966405 1.8362282 1.483103 1.2043423 1.0600216 1 
3.2 3.0513132 2.8682213 2.6420761 2.3494112 2.1208975 1.8686764 1.5170951 1.2276182 1.069332 1 
3.23 3.0802388 2.8921873 2.6657869 2.3741549 2.1449175 1.9001309 1.5517081 1.252206 1.079532 1 
3.26 3.1087816 2.9157698 2.6888454 2.3995225 2.1687819 1.9305491 1.5868104 1.2780621 1.0906634 1 
3.29 3.1369065 2.9390132 2.7112798 2.4254759 2.1925715 1.9599122 1.6222625 1.3051317 1.1027622 1 
3.32 3.1645833 2.9619582 2.7331336 2.4519584 2.2163635 1.9882255 1.6579199 1.333349 1.115857 1 
3.35 3.1917881 2.9846412 2.7544638 2.4788966 2.2402301 2.015517 1.6936346 1.3626369 1.1299682 1 
3.38 3.2185035 3.0070939 2.7753402 2.5062038 2.2642362 2.0418369 1.7292581 1.3929082 1.1451064 1 
3.41 3.2447198 3.0293432 2.7958427 2.5337827 2.288438 2.0672549 1.7646439 1.424065 1.1612716 1 
3.44 3.2704351 3.0514112 2.8160596 2.5615288 2.3128814 2.0918587 1.7996501 1.4559996 1.1784519 1 
3.47 3.2956558 3.0733159 2.8360848 2.5893337 2.337601 2.1157506 1.8341418 1.4885953 1.1966232 1 
3.5 3.3203966 3.0950718 2.8560147 2.6170888 2.3626195 2.1390449 1.8679942 1.5217267 1.2157481 1 
