100
0.5 0.505 0.52 0.545 0.58 0.625 0.68 0.745 0.82 1 
0.50005 0.50524867 0.52082884 0.54674393 0.58291942 0.62925735 0.68564223 0.75194815 0.82804659 1.0088146 
0.56 0.50560115 0.52176102 0.54859046 0.58594047 0.63361518 0.69138368 0.75899422 0.83713987 1 
0.59 0.50665923 0.5227999 0.5505422 0.58906477 0.63807394 0.69722354 0.76614565 0.8470803 1 
0.62 0.50871211 0.5239548 0.55260174 0.59229393 0.64263411 0.70316113 0.7734172 0.85774058 1 
0.65 0.5120303 0.52524374 0.55477173 0.59562957 0.64729614 0.70919602 0.78082942 0.86898022 1 
0.68 0.51686033 0.52669583 0.55705502 0.5990733 0.65206051 0.71532823 0.78840682 0.88064855 1 
0.71 0.5234201 0.52835315 0.5594549 0.60262672 0.65692768 0.72155856 0.79617585 0.89258798 1 
0.74 0.53189501 0.53027216 0.56197548 0.60629143 0.66189816 0.72788874 0.80416282 0.90463741 1 
0.77 0.54243473 0.53252443 0.56462219 0.61006905 0.66697247 0.73432177 0.81239181 0.91663571 1 
0.8 0.55515101 0.53519678 0.56740239 0.61396123 0.67215124 0.740862 0.82088253 0.92842522 1 
0.83 0.57011623 0.53839073 0.57032613 0.61796972 0.67743521 0.74751533 0.82964847 0.93985505 1 
0.86 0.58736304 0.54222129 0.57340694 0.62209644 0.68282534 0.75428919 0.83869515 0.95078427 1 
0.89 0.60688479 0.54681513 0.57666279 0.62634355 0.68832281 0.76119247 0.84801865 0.96108475 1 
0.92 0.62863701 0.55230813 0.58011698 0.63071364 0.69392919 0.76823531 0.85760456 0.97064372 1 
0.95 0.65253956 0.55884252 0.58379904 0.63520992 0.69964647 0.77542879 0.86742717 0.97936586 1 
0.98 0.67847975 0.56656343 0.58774564 0.63983646 0.70547721 0.78278443 0.87744918 0.98717496 1 
1.01 0.70631598 0.57561534 0.59200133 0.6445985 0.71142462 0.79031364 0.8876218 0.99401505 1 
1.04 0.73588204 0.58613811 0.59661914 0.64950282 0.71749265 0.79802704 0.89788527 0.99985106 1 
1.07 0.76699184 0.59826313 0.60166097 0.65455821 0.72368613 0.80593369 0.90816982 1.0046689 1 
1.1 0.79944444 0.61210942 0.60719779 0.65977591 0.7300108 0.81404021 0.91839699 1.0084751 1 
1.13 0.83302924 0.62777994 0.61330951 0.66517017 0.73647343 0.82235002 0.92848138 1.0112957 1 
1.16 0.86753126 0.64535825 0.62008454 0.67075886 0.74308178 0.83086236 0.9383326 1.0131752 1 
1.19 0.90273623 0.66490555 0.62761906 0.67656404 0.74984471 0.83957161 0.94785754 1.0141746 1 
1.22 0.93843554 0.68645829 0.63601588 0.68261257 0.7567721 0.84846645 0.9569628 1.014369 1 
1.25 0.97443071 0.71002638 0.6453831 0.68893673 0.76387485 0.8575293 0.96555715 1.0138457 1 
1.28 1.0105375 0.73559209 0.65583229 0.69557473 0.77116475 0.86673589 0.97355411 1.012701 1 
1.31 1.0465895 0.76310964 0.6674765 0.70257122 0.77865447 0.87605496 0.98087435 1.0110379 1 
1.34 1.0824408 0.79250567 0.68042798 0.70997758 0.78635736 0.88544821 0.98744804 1.0089627 1 
1.37 1.1179684 0.82368027 0.69479575 0.71785225 0.79428735 0.89487055 0.99321687 1.0065828 1 
1.4 1.1530734 0.85650891 0.71068292 0.72626071 0.80245883 0.90427052 0.9981359 1.0040034 1 
1.43 1.187682 0.89084493 0.72818413 0.73527536 0.81088645 0.91359103 1.002175 1.0013253 1 
1.46 1.2217454 0.92652272 0.74738286 0.74497522 0.819585 0.92277033 1.0053197 0.99864238 1 
1.49 1.2552391 0.96336133 0.76834891 0.75544525 0.82856931 0.93174327 1.0075721 0.99603985 1 
1.52 1.2881617 1.0011686 0.79113605 0.76677556 0.83785411 0.94044276 1.008951 0.99359225 1 
1.55 1.3205327 1.0397455 0.81577991 0.77906026 0.84745402 0.94880145 1.0094911 0.9913623 1 
1.58 1.3523905 1.0788906 0.84229623 0.79239609 0.85738346 0.95675356 1.0092431 0.98940003 1 
1.61 1.3837894 1.1184047 0.87067949 0.8068808 0.86765673 0.96423686 1.0082718 0.98774218 1 
1.64 1.4147966 1.1580954 0.90090201 0.82261125 0.87828804 0.97119471 1.0066548 0.98641221 1 
1.67 1.4454888 1.1977812 0.93291356 0.83968138 0.88929165 0.9775781 1.0044808 0.98542054 1 
1.7 1.475949 1.2372955 0.96664147 0.85817993 0.90068202 0.98334764 1.0018471 0.98476527 1 
1.73 1.5062632 1.2764897 1.0019913 0.87818812 0.91247403 0.98847553 0.99885767 0.98443317 1 
1.76 1.536517 1.3152366 1.0388481 0.8997772 0.9246832 0.99294722 0.99562015 0.98440098 1 
1.79 1.5667929 1.3534325 1.077078 0.92300605 0.93732594 0.99676301 0.9922437 0.98463697 1 
1.82 1.5971672 1.3909984 1.1165308 0.94791882 0.95041986 0.99993922 0.98883639 0.98510266 1 
1.85 1.6277082 1.4278814 1.1570422 0.97454272 0.96398395 1.0025092 0.98550276 0.98575465 1 
1.88 1.6584738 1.4640542 1.1984369 1.002886 0.97803889 1.0045239 0.98234172 0.98654659 1 
1.91 1.6895105 1.4995151 1.2405323 1.0329364 0.99260715 1.0060519 0.97944454 0.98743101 1 
1.94 1.7208521 1.534286 1.2831416 1.0646594 1.0077132 1.0071794 0.97689331 0.98836125 1 
1.97 1.7525196 1.5684112 1.3260775 1.0979978 1.0233833 1.0080094 0.97475961 0.9892932 1 
2 1.7845207 1.6019542 1.3691559 1.1328708 1.0396458 1.0086606 0.97310375 0.99018689 1 
2.03 1.816851 1.6349948 1.4121995 1.1691744 1.0565307 1.009266 0.97197429 0.99100787 1 
2.06 1.8494943 1.667626 1.4550407 1.2067818 1.0740695 1.0099713 0.97140808 0.99172844 1 
2.09 1.8824238 1.6999501 1.4975253 1.2455447 1.0922943 1.0109318 0.97143071 0.99232852 1 
2.12 1.9156045 1.7320746 1.5395143 1.2852949 1.1112381 1.012311 0.97205733 0.99279634 1 
2.15 1.9489937 1.7641089 1.5808866 1.3258468 1.1309331 1.0142769 0.97329387 0.9931288 1 
2.18 1.9825442 1.7961597 1.6215408 1.3669999 1.1514107 1.0169996 0.97513859 0.99333163 1 
2.21 2.0162054 1.8283283 1.6613958 1.4085425 1.1727001 1.0206477 0.97758386 0.99341921 1 
2.24 2.0499258 1.8607062 1.7003916 1.4502552 1.1948274 1.0253858 0.98061811 0.99341425 1 
2.27 2.0836547 1.8933733 1.7384892 1.491915 1.2178145 1.0313705 0.98422801 0.99334718 1 
2.3 2.1173443 1.9263943 1.7756698 1.5332995 1.2416783 1.0387483 0.98840052 0.99325545 1 
2.33 2.1509509 1.9598175 1.811934 1.5741916 1.2664289 1.0476519 0.99312506 0.99318261 1 
2.36 2.1844367 1.9936733 1.8472996 1.6143834 1.2920694 1.058198 0.99839544 0.99317737 1 
2.39 2.2177705 2.0279729 1.8817998 1.6536813 1.3185943 1.0704848 1.0042117 0.99329254 1 
2.42 2.2509286 2.0627088 1.9154806 1.6919094 1.345989 1.08459 1.0105814 0.99358398 1 
2.45 2.2838952 2.0978546 1.9483979 1.7289141 1.3742289 1.1005691 1.0175213 0.99410955 1 
2.48 2.3166624 2.1333663 1.9806149 1.7645668 1.4032791 1.1184542 1.0250576 0.99492814 1 
2.51 2.3492301 2.1691834 2.012199 1.798767 1.4330938 1.1382537 1.0332265 0.99609874 1 
2.54 2.381605 2.2052311 2.0432185 1.8314449 1.463617 1.1599513 1.0420744 0.99767964 1 
2.57 2.4138001 2.2414224 2.0737405 1.8625622 1.4947817 1.1835068 1.0516571 0.99972768 1 
2.6 2.4458334 2.2776607 2.1038275 1.8921135 1.5265115 1.2088565 1.062039 1.0022977 1 
2.63 2.4777267 2.3138424 2.1335357 1.9201259 1.5587208 1.2359146 1.0732917 1.0054422 1 
2.66 2.5095039 2.3498598 2.1629129 1.9466583 1.591316 1.2645746 1.0854922 1.0092108 1 
2.69 2.5411895 2.3856043 2.191997 1.9717999 1.6241973 1.2947111 1.0987206 1.0136501 1 
2.72 2.5728075 2.4209685 2.2208152 1.9956674 1.6572597 1.3261826 1.1130582 1.0188036 1 
2.75 2.6043789 2.4558496 2.2493835 2.0184024 1.6903955 1.3588336 1.1285846 1.0247116 1 
2.78 2.6359213 2.4901513 2.2777066 2.040167 1.7234956 1.3924978 1.1453747 1.0314112 1 
2.81 2.6674468 2.5237862 2.3057787 2.0611404 1.7564526 1.4270007 1.1634964 1.0389363 1 
2.84 2.6989612 2.5566777 2.3335846 2.0815132 1.7891618 1.462163 1.1830075 1.0473177 1 
2.87 2.7304631 2.5887611 2.3611006 2.1014833 1.8215247 1.4978038 1.2039533 1.0565827 1 
2.9 2.7619434 2.6199849 2.3882971 2.1212499 1.8534498 1.5337433 1.2263639 1.0667557 1 
2.93 2.7933847 2.6503114 2.41514 2.141009 1.884856 1.5698061 1.2502522 1.0778572 1 
2.96 2.8247614 2.679717 2.4415933 2.1609479 1.9156731 1.6058238 1.2756121 1.0899041 1 
2.99 2.8560401 2.7081917 2.4676214 2.1812405 1.9458445 1.6416379 1.302417 1.102909 1 
3.02 2.8871798 2.7357392 2.4931914 2.202043 1.9753278 1.6771019 1.3306191 1.1168799 1 
3.05 2.9181334 2.7623757 2.5182754 2.2234897 2.004096 1.7120833 1.3601486 1.1318194 1 
3.08 2.948848 2.7881287 2.5428525 2.2456904 2.032138 1.7464655 1.3909141 1.147724 1 
3.11 2.979267 2.8130361 2.5669108 2.2687272 2.0594588 1.7801489 1.4228033 1.1645832 1 
3.14 3.009331 2.8371447 2.5904484 2.2926532 2.0860792 1.8130519 1.4556837 1.1823788 1 
3.17 3.0389798 2.8605081 2.6134751 2.3174913 2.1120351 1.8451115 1.4894048 1.2010837 1 
3.2 3.0681541 2.8831859 2.6360123 2.3432348 2.1373762 1.8762833 1.5237997 1.220661 1 
3.23 3.0967972 2.9052416 2.6580935 2.3698474 2.1621651 1.9065412 1.558688 1.241063 1 
3.26 3.1248567 2.9267414 2.6797636 2.3972656 2.1864745 1.9358768 1.5938787 1.2622306 1 
3.29 3.1522865 2.9477526 2.7010786 2.425401 2.2103859 1.9642984 1.6291728 1.2840925 1 
3.32 3.1790482 2.9683424 2.7221035 2.4541429 2.2339865 1.9918296 1.6643674 1.3065642 1 
3.35 3.2051123 2.9885769 2.7429112 2.4833629 2.2573671 2.0185077 1.6992586 1.3295483 1 
3.38 3.2304599 3.00852 2.7635801 2.5129184 2.2806191 2.044382 1.7336452 1.352934 1 
3.41 3.2550835 3.0282332 2.7841918 2.5426576 2.3038317 2.0695112 1.767332 1.3765975 1 
3.44 3.2789878 3.0477744 2.8048285 2.5724238 2.3270894 2.0939619 1.8001333 1.4004023 1 
3.47 3.30219 3.0671984 2.8255707 2.6020607 2.3504691 2.1178056 1.8318755 1.4242005 1 
