100
0 0.991 
-0.00062735567 0.99153955 
-0.0012672767 0.9919151 
-0.0019321429 0.9921338 
-0.002634835 0.99219977 
-0.0033889786 0.9921142 
-0.0042092036 0.99187532 
-0.0051114231 0.99147841 
-0.0061131371 0.99091568 
-0.0072337649 0.9901761 
-0.0084950152 0.98924521 
-0.0099212964 0.9881048 
-0.011540177 0.98673261 
-0.013382903 0.98510184 
-0.015484981 0.98318063 
-0.017886834 0.98093149 
-0.020634544 0.97831051 
-0.02378069 0.97526651 
-0.027385291 0.97174008 
-0.031516867 0.96766237 
-0.03625364 0.96295376 
-0.041684861 0.95752235 
-0.047912311 0.95126209 
-0.055051949 0.94405075 
-0.063235745 0.93574753 
-0.072613669 0.92619029 
-0.083355859 0.91519239 
-0.095654928 0.90253906 
-0.10972839 0.88798315 
-0.12582111 0.87124031 
-0.14420782 0.85198345 
-0.16519527 0.82983627 
-0.18912426 0.80436594 
-0.21637076 0.77507456 
-0.24734621 0.74138939 
-0.28249601 0.70265158 
-0.32229574 0.65810319 
-0.36724392 0.60687225 
-0.4178498 0.54795549 
-0.47461443 0.48019849 
-0.53800204 0.40227274 
-0.60839847 0.31264911 
-0.68605159 0.20956733 
-0.77098728 0.091000465 
-0.86289231 -0.045386034 
-0.96095241 -0.20228203 
-1.0636298 -0.38278814 
-1.1683594 -0.59048052 
-1.2711351 -0.82948683 
-1.3659495 -1.104576 
-1.4440341 -1.4212652 
-1.4928339 -1.7859485 
-1.494621 -2.2060555 
-1.4246207 -2.6902503 
-1.2484713 -3.2486912 
-0.91876905 -3.8933858 
-0.3703295 -4.6387083 
0.48639166 -5.5022146 
1.7746311 -6.5060534 
3.6650405 -7.6796638 
6.3971118 -9.065518 
10.316046 -10.73277 
15.946261 -12.813852 
24.170839 -15.617549 
36.799391 -20.051143 
59.117471 -29.739623 
120.65909 -69.820122 
1030.0837 -920.39589 
16140376 -16135817 
1.453246e+24 -1.453246e+24 
9.5616036e+91 -9.5616036e+91 
inf -inf 
nan nan 
nan nan 
nan nan 
nan nan 
nan nan 
nan nan 
nan nan 
nan nan 
nan nan 
nan nan 
nan nan 
nan nan 
nan nan 
nan nan 
nan nan 
nan nan 
nan nan 
nan nan 
nan nan 
nan nan 
nan nan 
nan nan 
nan nan 
nan nan 
nan nan 
nan nan 
nan nan 
nan nan 
