100
0 0.991 
-0.000627165 0.99162717 
-0.0012547113 0.99207911 
-0.0018948079 0.99236788 
-0.0025596539 0.99250218 
-0.0032617093 0.99248753 
-0.0040139262 0.99232647 
-0.0048299871 0.99201863 
-0.0057245522 0.9915608 
-0.0067135219 0.9909469 
-0.007814317 0.99016791 
-0.0090461822 0.98921176 
-0.010430518 0.98806317 
-0.011991245 0.98670335 
-0.01375521 0.98510977 
-0.015752631 0.98325573 
-0.018017601 0.98110996 
-0.020588647 0.97863608 
-0.023509352 0.97579196 
-0.026829058 0.97252905 
-0.030603645 0.9687915 
-0.034896406 0.96451524 
-0.039779017 0.95962686 
-0.045332618 0.95404234 
-0.051649014 0.9476656 
-0.058831992 0.94038685 
-0.066998772 0.93208067 
-0.076281582 0.92260383 
-0.086829369 0.91179277 
-0.098809613 0.89946079 
-0.11241025 0.88539473 
-0.12784163 0.86935125 
-0.14533854 0.8510525 
-0.16516207 0.83018125 
-0.18760139 0.80637518 
-0.21297505 0.77922046 
-0.24163184 0.74824424 
-0.27395064 0.71290612 
-0.31033896 0.67258825 
-0.35122956 0.62658395 
-0.39707437 0.57408448 
-0.44833452 0.51416381 
-0.50546518 0.4457608 
-0.56889315 0.36765852 
-0.63898463 0.27845991 
-0.71599965 0.17655924 
-0.80002857 0.060108254 
-0.89090411 -0.0730242 
-0.98808076 -0.2253007 
-1.0904698 -0.39957428 
-1.1962146 -0.59916102 
-1.3023848 -0.82793087 
-1.4045603 -1.0904231 
-1.4962638 -1.3919966 
-1.5681843 -1.7390299 
-1.6071094 -2.1391965 
-1.5944414 -2.6018551 
-1.5041145 -3.1386255 
-1.2996186 -3.7642735 
-0.92965044 -4.4981349 
-0.32156337 -5.366524 
0.6289125 -6.4070377 
2.074691 -7.6767206 
4.2475407 -9.2686569 
7.5166486 -11.348453 
12.515373 -14.242516 
20.456173 -18.679012 
34.064797 -26.559908 
61.104337 -44.061304 
133.29559 -99.143343 
486.62036 -415.14535 
6552.747 -6345.0183 
1416085.4 -1414042.9 
6.9984622e+10 -6.9984224e+10 
1.714227e+20 -1.714227e+20 
1.028501e+39 -1.028501e+39 
3.7023502e+76 -3.7023502e+76 
4.797589e+151 -4.797589e+151 
8.0559012e+301 -8.0559012e+301 
inf -inf 
inf nan 
nan nan 
nan nan 
nan nan 
nan nan 
nan nan 
nan nan 
nan nan 
nan nan 
nan nan 
nan nan 
nan nan 
nan nan 
nan nan 
nan nan 
nan nan 
nan nan 
nan nan 
nan nan 
nan nan 
