1000
1 0 
0.99933341 -0.066651852 
0.99733452 -0.13321484 
0.994006 -0.19960024 
0.98935228 -0.26571953 
0.98337958 -0.33148456 
0.97609585 -0.39680767 
0.9675108 -0.46160175 
0.95763588 -0.52578044 
0.94648426 -0.58925816 
0.93407079 -0.65195029 
0.92041204 -0.71377326 
0.90552621 -0.77464463 
0.88943314 -0.83448325 
0.87215429 -0.89320936 
0.8537127 -0.95074465 
0.83413296 -1.0070124 
0.81344116 -1.0619377 
0.79166489 -1.1154471 
0.76883319 -1.1674695 
0.74497649 -1.2179355 
0.7201266 -1.2667777 
0.69431664 -1.313931 
0.66758103 -1.3593326 
0.63995542 -1.402922 
0.61147662 -1.4446411 
0.58218262 -1.4844341 
0.55211245 -1.5222482 
0.52130622 -1.5580328 
0.48980499 -1.5917402 
0.45765076 -1.6233256 
0.4248864 -1.6527468 
0.39155558 -1.6799645 
0.35770275 -1.7049426 
0.32337304 -1.7276476 
0.28861221 -1.7480494 
0.2534666 -1.7661207 
0.21798308 -1.7818374 
0.18220894 -1.7951786 
0.14619189 -1.8061265 
0.10997993 -1.8146666 
0.073621356 -1.8207873 
0.037164628 -1.8244806 
0.00065835182 -1.8257415 
-0.035848802 -1.8245683 
-0.072308162 -1.8209627 
-0.10867112 -1.8149294 
-0.1448892 -1.8064764 
-0.18091412 -1.7956151 
-0.21669785 -1.7823599 
-0.25219267 -1.7667285 
-0.28735128 -1.7487417 
-0.3221268 -1.7284235 
-0.35647286 -1.705801 
-0.39034367 -1.6809043 
-0.42369409 -1.6537667 
-0.45647964 -1.6244243 
-0.48865662 -1.5929163 
-0.52018214 -1.5592846 
-0.55101415 -1.5235741 
-0.58111156 -1.4858324 
-0.61043424 -1.4461098 
-0.63894309 -1.4044592 
-0.66660012 -1.3609363 
-0.69336845 -1.315599 
-0.71921239 -1.2685077 
-0.74409748 -1.2197253 
-0.76799056 -1.1693168 
-0.79085976 -1.1173493 
-0.8126746 -1.0638922 
-0.83340599 -1.0090168 
-0.8530263 -0.95279612 
-0.87150936 -0.89530521 
-0.88883055 -0.83662069 
-0.90496676 -0.77682081 
-0.91989647 -0.71598527 
-0.9335998 -0.6541952 
-0.94605847 -0.59153296 
-0.95725586 -0.5280821 
-0.96717706 -0.46392721 
-0.97580883 -0.39915382 
-0.98313966 -0.33384828 
-0.98915979 -0.26809766 
-0.99386119 -0.20198961 
-0.99723758 -0.13561228 
-0.99928447 -0.069054152 
-0.99999913 -0.0024039604 
-0.99938061 0.064249436 
-0.99742973 0.13081718 
-0.99414908 0.19721051 
-0.98954306 0.26334093 
-0.98361779 0.32912027 
-0.97638117 0.39446083 
-0.96784286 0.45927549 
-0.95801424 0.52347786 
-0.9469084 0.58698234 
-0.93454016 0.64970426 
-0.920926 0.71156 
-0.90608408 0.77246711 
-0.89003419 0.83234437 
-0.87279771 0.89111196 
-0.85439763 0.94869154 
-0.83485848 1.0050063 
-0.81420631 1.0599813 
-0.79246865 1.113543 
-0.76967449 1.1656203 
-0.7458542 1.2161435 
-0.72103956 1.2650454 
-0.69526363 1.3122607 
-0.66856079 1.3577266 
-0.64096663 1.4013824 
-0.61251795 1.4431698 
-0.58325267 1.4830333 
-0.5532098 1.5209196 
-0.5224294 1.5567782 
-0.49095251 1.5905614 
-0.45882109 1.622224 
-0.42607797 1.6517239 
-0.39276681 1.6790218 
-0.35893203 1.7040812 
-0.32461872 1.7268687 
-0.28987263 1.7473541 
-0.25474009 1.7655098 
-0.21926793 1.7813118 
-0.18350344 1.7947391 
-0.14749432 1.8057735 
-0.11128855 1.8144006 
-0.074934423 1.8206087 
-0.038480389 1.8243896 
-0.0019750543 1.8257383 
0.034532914 1.8246529 
0.070994843 1.8211349 
0.10736212 1.815189 
0.14358627 1.8068232 
0.17961899 1.7960485 
0.21541224 1.7828793 
0.25091831 1.7673332 
0.28608986 1.7494309 
0.32088 1.7291964 
0.35524235 1.7066565 
0.38913109 1.6818412 
0.42250105 1.6547838 
0.45530773 1.6255203 
0.48750741 1.5940896 
0.51905715 1.5605337 
0.54991489 1.5248974 
0.58003949 1.4872281 
0.60939079 1.447576 
0.63792966 1.405994 
0.66561805 1.3625376 
0.69241905 1.3172647 
0.71829693 1.2702356 
0.74321718 1.221513 
0.76714659 1.171162 
0.79005325 1.1192495 
0.81190662 1.0658449 
0.83267757 1.0110194 
0.85233841 0.95484593 
0.87086292 0.89739951 
0.88822642 0.83875668 
0.90440574 0.77899564 
0.91937932 0.71819605 
0.93312719 0.65643897 
0.94563104 0.59380673 
0.95687418 0.53038285 
0.96684164 0.46625186 
0.97552011 0.40149928 
0.98289804 0.33621142 
0.98896558 0.27047533 
0.99371465 0.20437864 
0.99713891 0.13800948 
0.9992338 0.071456332 
0.99999653 0.0048079166 
0.99942608 -0.061846909 
0.9975232 -0.12841928 
0.99429045 -0.19482045 
0.98973212 -0.26096188 
0.98385429 -0.3267554 
0.97666481 -0.3921133 
0.96817324 -0.45694844 
0.95839093 -0.52117438 
0.9473309 -0.5847055 
0.93500791 -0.6474571 
0.92143837 -0.70934552 
0.90664039 -0.77028825 
0.89063369 -0.83020404 
0.87343961 -0.88901302 
0.85508107 -0.94663677 
0.83558255 -1.0029985 
0.81497005 -1.058023 
0.79327104 -1.111637 
0.77051445 -1.163769 
0.74673062 -1.2143494 
0.72195126 -1.2633109 
0.69620941 -1.3105882 
0.66953939 -1.3561182 
0.64197674 -1.3998403 
0.61355822 -1.4416961 
0.58432171 -1.4816299 
0.55430619 -1.5195884 
0.52355168 -1.555521 
0.49209918 -1.5893797 
0.45999062 -1.6211196 
0.42726881 -1.6506982 
0.39397736 -1.6780761 
0.36016068 -1.7032168 
0.32586383 -1.7260869 
0.29113255 -1.7466557 
0.25601313 -1.7648959 
0.2205524 -1.7807832 
0.18479763 -1.7942964 
0.14879649 -1.8054174 
0.11259698 -1.8141315 
0.076247359 -1.820427 
0.039796084 -1.8242955 
0.0032917534 -1.825732 
-0.033216966 -1.8247343 
-0.0696814 -1.821304 
-0.10605294 -1.8154456 
-0.14228309 -1.8071668 
-0.17832354 -1.7964787 
-0.21412626 -1.7833956 
-0.24964351 -1.7679349 
-0.28482794 -1.7501172 
-0.31963264 -1.7299662 
-0.35401122 -1.707509 
-0.38791783 -1.6827752 
-0.42130727 -1.6557981 
-0.45413503 -1.6266134 
-0.48635735 -1.5952602 
-0.51793126 -1.5617802 
-0.54881467 -1.526218 
-0.57896641 -1.4886212 
-0.60834629 -1.4490397 
-0.63691512 -1.4075263 
-0.66463483 -1.3641365 
-0.69146845 -1.3189281 
-0.71738023 -1.2719612 
-0.7423356 -1.2232986 
-0.7663013 -1.1730051 
-0.78924538 -1.1211478 
-0.81113724 -1.0677958 
-0.83194772 -1.0130202 
-0.85164905 -0.95689409 
-0.87021497 -0.89949225 
-0.88762074 -0.84089121 
-0.90384315 -0.78116911 
-0.91886056 -0.72040557 
-0.93265297 -0.6586816 
-0.94520197 -0.59607948 
-0.95649085 -0.53268267 
-0.96650454 -0.46857571 
-0.97522971 -0.40384404 
-0.98265472 -0.33857397 
-0.98876966 -0.27285253 
-0.99356639 -0.20676732 
-0.99703852 -0.14040645 
-0.9991814 -0.073858389 
-0.99999219 -0.0072118645 
-0.99946981 0.059444274 
-0.99761495 0.12602116 
-0.99443009 0.19243004 
-0.98991946 0.25858238 
-0.98408909 0.32438997 
-0.97694674 0.3897651 
-0.96850195 0.45462059 
-0.95876596 0.51886999 
-0.94775176 0.58242765 
-0.93547403 0.64520881 
-0.92194914 0.7071298 
-0.90719513 0.76810805 
-0.89123165 0.82806227 
-0.87408 0.88691253 
-0.85576303 0.94458037 
-0.83630518 1.0009889 
-0.81573237 1.0560629 
-0.79407205 1.1097291 
-0.77135308 1.1619157 
-0.74760575 1.2125533 
-0.72286172 1.2615743 
-0.69715399 1.3089134 
-0.67051682 1.3545075 
-0.64298573 1.3982958 
-0.61459742 1.4402199 
-0.58538973 1.4802239 
-0.55540162 1.5182545 
-0.52467305 1.554261 
-0.49324499 1.5881954 
-0.46115935 1.6200124 
-0.4284589 1.6496696 
-0.39518723 1.6771275 
-0.3613887 1.7023495 
-0.32710838 1.725302 
-0.29239196 1.7459543 
-0.25728573 1.7642789 
-0.22183649 1.7802514 
-0.18609149 1.7938506 
-0.15009841 1.8050581 
-0.11390521 1.8138592 
-0.077560163 1.8202421 
-0.04111171 1.8241983 
-0.0046084467 1.8257225 
0.03190096 1.8248126 
0.068367837 1.8214699 
0.10474357 1.8156989 
0.14097965 1.8075072 
0.17702779 1.7969058 
0.21283991 1.7839088 
0.24836828 1.7685335 
0.28356553 1.7508004 
0.31838474 1.7307331 
0.35277947 1.7083585 
0.38670389 1.6837063 
0.42011276 1.6568094 
0.45296154 1.6277037 
0.48520644 1.596428 
0.51680447 1.5630239 
0.5477135 1.527536 
0.57789233 1.4900117 
0.60730073 1.4505009 
0.63589947 1.4090562 
0.66365045 1.3657331 
0.69051666 1.3205892 
0.71646228 1.2736847 
0.74145272 1.2250821 
0.76545467 1.1748463 
0.78843613 1.1230442 
0.81036646 1.0697448 
0.83121642 1.0150193 
0.85095821 0.95894059 
0.86956552 0.90158343 
0.88701353 0.84302429 
0.90327899 0.78334124 
0.91834022 0.72261385 
0.93217712 0.66092309 
0.94477127 0.59835119 
0.95610585 0.53498158 
0.96616577 0.47089874 
0.97493762 0.4061881 
0.98240969 0.34093594 
0.98857202 0.27522925 
0.99341641 0.20915563 
0.99693639 0.14280317 
0.99912727 0.076260317 
0.99998612 0.0096157999 
0.99951181 -0.057041537 
0.99770497 -0.12362283 
0.994568 -0.1900393 
0.99010509 -0.25620242 
0.98432218 -0.32202398 
0.97722699 -0.38741622 
0.96882898 -0.45229196 
0.95913933 -0.51656471 
0.94817098 -0.58014878 
0.93593854 -0.64295941 
0.92245832 -0.70491286 
0.90774829 -0.76592652 
0.89182807 -0.82591906 
0.87471887 -0.88481051 
0.85644351 -0.94252233 
0.83702635 -0.9989776 
0.81649329 -1.054101 
0.79487168 -1.1078192 
0.77219037 -1.1600604 
0.74847958 -1.210755 
0.72377093 -1.2598355 
0.69809736 -1.3072364 
0.67149309 -1.3528944 
0.6439936 -1.3967489 
0.61563555 -1.4387412 
0.58645675 -1.4788154 
0.55649608 -1.516918 
0.52579351 -1.5529984 
0.49438995 -1.5870083 
0.46232729 -1.6189024 
0.42964825 -1.6486382 
0.39639641 -1.6761761 
0.36261611 -1.7014793 
0.32835236 -1.7245141 
0.29365087 -1.7452499 
0.25855788 -1.7636589 
0.22312019 -1.7797166 
0.18738504 -1.7934016 
0.15140007 -1.8046957 
0.11521325 -1.8135838 
0.078872833 -1.8200541 
0.042427264 -1.8240979 
0.0059251321 -1.8257098 
-0.030584899 -1.8248877 
-0.067054155 -1.8216327 
-0.10343402 -1.8159491 
-0.13967598 -1.8078446 
-0.17573173 -1.7973298 
-0.2115532 -1.7844189 
-0.24709262 -1.769129 
-0.28230263 -1.7514805 
-0.31713628 -1.731497 
-0.35154712 -1.7092051 
-0.38548929 -1.6846345 
-0.41891752 -1.6578179 
-0.45178727 -1.6287912 
-0.48405469 -1.597593 
-0.51567679 -1.5642649 
-0.54661139 -1.5288514 
-0.57681725 -1.4913996 
-0.60625412 -1.4519595 
-0.63488273 -1.4105837 
-0.66266492 -1.3673273 
-0.68956367 -1.322248 
-0.71554309 -1.2754059 
-0.74056857 -1.2268635 
-0.76460672 -1.1766854 
-0.78762552 -1.1249386 
-0.80959427 -1.071692 
-0.83048367 -1.0170166 
-0.85026589 -0.96098543 
-0.86891455 -0.90367305 
-0.88640478 -0.8451559 
-0.90271327 -0.78551201 
-0.91781828 -0.72482088 
-0.93169966 -0.66316343 
-0.94433892 -0.60062186 
-0.9557192 -0.53727955 
-0.96582533 -0.47322095 
-0.97464383 -0.40853146 
-0.98216296 -0.34329732 
-0.98837267 -0.2776055 
-0.99326471 -0.21154358 
-0.99683254 -0.14519964 
-0.9990714 -0.078662113 
-0.99997832 -0.012019719 
-0.99955208 0.054638701 
-0.99779326 0.12122428 
-0.99470419 0.18764824 
-0.990289 0.25382203 
-0.98455357 0.31965743 
-0.97750554 0.38506667 
-0.96915432 0.44996254 
-0.95951104 0.51425853 
-0.94858855 0.57786891 
-0.93640142 0.64070889 
-0.92296589 0.70269469 
-0.90829988 0.76374367 
-0.89242293 0.82377443 
-0.87535622 0.88270695 
-0.8571225 0.94046266 
-0.83774608 0.99696455 
-0.81725278 1.0521373 
-0.79566994 1.1059074 
-0.77302632 1.1582031 
-0.74935211 1.2089546 
-0.72467888 1.2580945 
-0.69903951 1.305557 
-0.6724682 1.351279 
-0.64500036 1.3951995 
-0.61667262 1.43726 
-0.58752274 1.4774043 
-0.55758958 1.5155789 
-0.52691306 1.551733 
-0.49553406 1.5858184 
-0.46349442 1.6177896 
-0.43083685 1.6476039 
-0.39760491 1.6752217 
-0.36384288 1.7006061 
-0.32959578 1.7237233 
-0.29490927 1.7445425 
-0.25982959 1.7630358 
-0.22440351 1.7791787 
-0.18867825 1.7929496 
-0.15270146 1.8043302 
-0.11652108 1.8133053 
-0.080185366 1.8198629 
-0.043742745 1.8239943 
-0.0072418071 1.825694 
0.029268785 1.8249597 
0.065740357 1.8217923 
0.10212428 1.8161962 
0.13837206 1.8081788 
0.17443536 1.7977507 
0.21026611 1.7849259 
0.24581653 1.7697215 
0.28103924 1.7521577 
0.31588727 1.7322579 
0.35031416 1.7100487 
0.38427401 1.6855597 
0.41772156 1.6588236 
0.45061221 1.6298759 
0.48290211 1.5987553 
0.51454821 1.5655032 
0.54550832 1.5301641 
0.57574117 1.492785 
0.60520645 1.4534157 
0.63386488 1.4121087 
0.66167825 1.3689191 
0.68860948 1.3239045 
0.71462266 1.2771249 
0.73968312 1.2286427 
0.76375745 1.1785224 
0.78681355 1.126831 
0.80882067 1.0736373 
0.82974949 1.0190122 
0.8495721 0.9630286 
0.86826208 0.9057611 
0.8857945 0.84728605 
0.90214599 0.78768141 
0.91729475 0.72702665 
0.93122059 0.66540262 
0.94390494 0.60289149 
0.95533089 0.5395766 
0.96548321 0.47554235 
0.97434836 0.41087411 
0.98191452 0.3456581 
0.98817161 0.27998127 
0.99311128 0.21393117 
0.99672695 0.14759586 
0.9990138 0.081063773 
0.99996878 0.014423616 
0.99959062 -0.052235769 
0.99787982 -0.11882552 
0.99483866 -0.18525685 
0.99047119 -0.25144119 
0.98478324 -0.31729032 
0.9777824 -0.38271645 
0.96947799 -0.44763234 
0.95988108 -0.51195145 
0.94900448 -0.57558804 
0.93686268 -0.63845727 
0.92347187 -0.70047531 
0.90884989 -0.76155949 
0.89301626 -0.82162836 
0.87599206 -0.88060186 
0.85780001 -0.93840135 
0.83846435 -0.99494978 
0.81801086 -1.0501718 
0.79646681 -1.1039937 
0.77386093 -1.1563437 
0.75022334 -1.2071522 
0.72558557 -1.2563513 
0.69998046 -1.3038754 
0.67344214 -1.3496613 
0.64600601 -1.3936478 
0.61770862 -1.4357763 
0.58858772 -1.4759906 
0.55868212 -1.5142372 
0.52803169 -1.550465 
0.4966773 -1.5846258 
0.46466075 -1.6166739 
0.43202471 -1.6465668 
0.39881271 -1.6742644 
0.36506902 -1.69973 
0.33083862 -1.7229295 
0.29616715 -1.743832 
0.26110084 -1.7624096 
0.22568643 -1.7786377 
0.18997114 -1.7924945 
0.15400259 -1.8039616 
0.11782872 -1.8130236 
0.08149776 -1.8196686 
0.04505815 -1.8238876 
0.0085584697 -1.825675 
-0.027952621 -1.8250284 
-0.064426445 -1.8219488 
-0.10081438 -1.8164401 
-0.1370679 -1.8085099 
-0.1731387 -1.7981685 
-0.20897866 -1.7854298 
-0.24454002 -1.7703109 
-0.27977536 -1.7528317 
-0.31463771 -1.7330158 
-0.34908059 -1.7108894 
-0.38305807 -1.686482 
-0.41652488 -1.6598263 
-0.44943637 -1.6309577 
-0.48174869 -1.5999148 
-0.51341874 -1.5667388 
-0.54440431 -1.5314742 
-0.57466409 -1.4941677 
-0.60415774 -1.4548693 
-0.63284593 -1.4136313 
-0.66069043 -1.3705086 
-0.6876541 -1.3255588 
-0.71370099 -1.2788418 
-0.7387964 -1.2304198 
-0.76290685 -1.1803575 
-0.7860002 -1.1287215 
-0.80804568 -1.0755807 
-0.82901387 -1.021006 
-0.84887684 -0.9650701 
-0.8676081 -0.90784758 
-0.88518267 -0.84941473 
-0.90157714 -0.78984945 
-0.91676963 -0.72923116 
-0.9307399 -0.66764066 
-0.94346932 -0.60516008 
-0.95494093 -0.54187271 
-0.96513941 -0.47786292 
-0.97405119 -0.41321605 
-0.98166438 -0.34801829 
-0.98796883 -0.28235655 
-0.99295614 -0.21631838 
-0.99661964 -0.14999182 
-0.99895448 -0.083465292 
-0.99995751 -0.016827489 
-0.99962743 0.049832748 
-0.99796465 0.11642655 
-0.9949714 0.18286513 
-0.99065167 0.24905992 
-0.98501122 0.31492267 
-0.97805756 0.38036556 
-0.96979997 0.44530136 
-0.96024946 0.50964349 
-0.94941876 0.57330617 
-0.93732231 0.63620453 
-0.92397624 0.69825471 
-0.90939833 0.75937398 
-0.89360803 0.81948087 
-0.87662638 0.87849524 
-0.85847603 0.93633842 
-0.83918117 0.99293328 
-0.81876752 1.0482044 
-0.79726231 1.102078 
-0.7746942 1.1544824 
-0.75109328 1.2053476 
-0.72649101 1.2546059 
-0.70092019 1.3021916 
-0.67441492 1.3480412 
-0.64701053 1.3920936 
-0.61874355 1.4342901 
-0.58965167 1.4745744 
-0.55977368 1.5128928 
-0.52914941 1.5491943 
-0.49781968 1.5834304 
-0.46582627 1.6155555 
-0.43321182 1.6455268 
-0.40001982 1.6733042 
-0.36629453 1.6988509 
-0.33208089 1.7221327 
-0.29742453 1.7431185 
-0.26237164 1.7617804 
-0.22696897 1.7780936 
-0.19126371 1.7920362 
-0.15530345 1.8035898 
-0.11913615 1.8127388 
-0.082810012 1.8194711 
-0.046373477 1.8237777 
-0.0098751173 1.8256528 
0.026636408 1.825094 
0.063112421 1.8221021 
0.099504295 1.8166809 
0.13576351 1.8088378 
0.17184173 1.7985831 
0.20769085 1.7859307 
0.24326308 1.7708972 
0.27851099 1.7535028 
0.3133876 1.7337706 
0.34784641 1.7117271 
0.38184147 1.6874014 
0.41532747 1.6608262 
0.44825975 1.6320367 
0.48059443 1.6010715 
0.51228838 1.5679717 
0.54329936 1.5327815 
0.57358602 1.4955479 
0.60310798 1.4563204 
0.63182589 1.4151514 
0.65970146 1.3720957 
0.68669752 1.3272107 
0.71277809 1.2805564 
0.73790839 1.2321948 
0.76205493 1.1821904 
0.7851855 1.13061 
0.80726928 1.0775223 
0.82827682 1.022998 
0.84818011 0.96710993 
0.86695262 0.90993249 
0.88456932 0.85154193 
0.90100672 0.79201612 
0.91624292 0.7314344 
0.9302576 0.66987755 
0.94303207 0.60742762 
0.9545493 0.54416788 
0.96479395 0.48018266 
0.97375234 0.41555727 
0.98141254 0.35037787 
0.98776434 0.28473134 
0.99279927 0.21870522 
0.99651061 0.15238752 
0.99889341 0.085866667 
0.99994451 0.019231333 
0.9996625 -0.04742964 
0.99804775 -0.11402738 
0.99510241 -0.1804731 
0.99083043 -0.24667822 
0.98523748 -0.31255447 
0.97833103 -0.37801402 
0.97012028 -0.44296962 
0.96061618 -0.50733465 
0.9498314 -0.57102331 
0.93778032 -0.63395069 
0.92447901 -0.6960329 
0.90994519 -0.75718717 
0.89419825 -0.81733196 
0.87725918 -0.87638711 
0.85915056 -0.93427386 
0.83989653 -0.99091506 
0.81952276 -1.0462352 
0.79805642 -1.1001605 
0.77552612 -1.1526191 
0.75196191 -1.203541 
0.72739518 -1.2528584 
0.70185871 -1.3005055 
0.67538652 -1.3464187 
0.64801393 -1.390537 
0.61977741 -1.4328014 
0.59071461 -1.4731556 
0.56086428 -1.5115458 
0.53026621 -1.5479209 
0.4989612 -1.5822323 
0.46699098 -1.6144343 
0.43439818 -1.6444839 
0.40122624 -1.6723412 
0.3675194 -1.6979689 
0.33332258 -1.7213328 
0.29868139 -1.742402 
0.26364199 -1.7611482 
0.22825111 -1.7775464 
0.19255593 -1.7915749 
0.15660404 -1.8032149 
0.12044337 -1.8124508 
0.084122121 -1.8192704 
0.047688723 -1.8236646 
0.011191748 -1.8256275 
-0.025320148 -1.8251565 
-0.061798288 -1.8222522 
-0.098194039 -1.8169186 
-0.13445888 -1.8091626 
-0.17054446 -1.7989947 
-0.20640268 -1.7864284 
-0.24198572 -1.7714804 
-0.27724615 -1.7541708 
-0.31213696 -1.7345225 
-0.34661163 -1.7125618 
-0.38062421 -1.6883179 
-0.41412934 -1.6618232 
-0.44708236 -1.6331129 
-0.47943934 -1.6022254 
-0.51115713 -1.5692019 
-0.54219346 -1.5340863 
-0.57250695 -1.4969255 
-0.60205718 -1.457769 
-0.63080475 -1.416669 
-0.65871135 -1.3736804 
-0.68573976 -1.3288604 
-0.71185395 -1.2822687 
-0.73701911 -1.2339676 
-0.76120168 -1.1840214 
-0.78436944 -1.1324966 
-0.80649148 -1.079462 
-0.82753832 -1.0249883 
-0.8474819 -0.96914808 
-0.86629563 -0.91201582 
-0.88395443 -0.85366767 
-0.90043475 -0.79418142 
-0.91571462 -0.73363638 
-0.92977368 -0.67211327 
-0.94259318 -0.6096941 
-0.95415603 -0.5464621 
-0.96444681 -0.48250157 
-0.9734518 -0.41789777 
-0.981159 -0.35273684 
-0.98755814 -0.28710564 
-0.99264068 -0.22109168 
-0.99639984 -0.15478296 
-0.99883062 -0.088267893 
-0.99992977 -0.021635143 
-0.99969583 0.04502645 
-0.99812912 0.11162801 
-0.99523171 0.17808076 
-0.99100747 0.24429609 
-0.98546203 0.31018572 
-0.9786028 0.37566183 
-0.9704389 0.4406371 
-0.96098123 0.50502492 
-0.95024239 0.56873946 
-0.93823671 0.63169575 
-0.92498018 0.69380989 
-0.91049048 0.75499904 
-0.89478693 0.81518164 
-0.87789046 0.87427745 
-0.8598236 0.93220769 
-0.84061044 0.98889512 
-0.82027658 1.0442642 
-0.79884915 1.098241 
-0.77635671 1.1507537 
-0.75282923 1.2017323 
-0.7282981 1.2511086 
-0.70279601 1.2988171 
-0.67635696 1.344794 
-0.6490162 1.388978 
-0.62081019 1.4313102 
-0.59177652 1.4717343 
-0.5619539 1.5101962 
-0.53138209 1.5466448 
-0.50010185 1.5810314 
-0.46815489 1.6133102 
-0.43558379 1.6434382 
-0.40243197 1.6713752 
-0.36874364 1.6970839 
-0.3345637 1.7205301 
-0.29993773 1.7416825 
-0.26491188 1.7605129 
-0.22953286 1.7769962 
-0.19384783 1.7911104 
-0.15790436 1.8028368 
-0.12175038 1.8121597 
-0.085434084 1.8190666 
-0.049003887 1.8235484 
-0.012508359 1.825599 
0.024003845 1.8252158 
0.060484048 1.8223992 
0.096883614 1.817153 
0.13315402 1.8094843 
0.1692469 1.7994031 
0.20511415 1.786923 
0.24070794 1.7720606 
0.27598082 1.7548358 
0.31088577 1.7352714 
0.34537625 1.7133935 
0.37940628 1.6892314 
0.41293049 1.6628173 
0.44590419 1.6341863 
0.47828342 1.6033766 
0.510025 1.5704293 
0.54108663 1.5353884 
0.57142689 1.4983005 
0.60100533 1.459215 
0.62978252 1.4181842 
0.65772009 1.3752627 
0.6847808 1.3305077 
0.71092857 1.2839789 
0.73612855 1.2357383 
0.76034712 1.1858502 
0.78355201 1.1343812 
0.80571229 1.0813998 
0.82679839 1.0269768 
0.84678223 0.97118455 
0.86563714 0.91409756 
0.88333801 0.85579192 
0.89986121 0.79634534 
0.91518474 0.73583708 
0.92928816 0.67434782 
0.94215266 0.61195953 
0.9537611 0.54875538 
0.964098 0.48481964 
0.97314957 0.42023755 
0.98090376 0.3550952 
0.98735023 0.28947944 
0.99248037 0.22347776 
0.99628735 0.15717814 
0.9987661 0.090668965 
0.9999133 0.024038916 
0.99972744 -0.042623181 
0.99820875 -0.10922845 
0.99535927 -0.17568811 
0.99118279 -0.24191353 
0.98568488 -0.30781644 
0.97887287 -0.37330898 
0.97075584 -0.43830382 
0.96134461 -0.50271433 
0.95065173 -0.56645462 
0.93869146 -0.62943972 
0.92547974 -0.69158567 
0.91103418 -0.7528096 
0.89537405 -0.8130299 
0.87852021 -0.87216628 
0.86049515 -0.9301399 
0.84132289 -0.98687347 
0.82102898 -1.0422914 
0.7996405 -1.0963197 
0.77718594 -1.1488864 
0.75369525 -1.1999214 
0.72919975 -1.2493568 
0.70373209 -1.2971265 
0.67732622 -1.3431669 
0.65001735 -1.3874166 
0.62184189 -1.4298166 
0.5928374 -1.4703104 
0.56304255 -1.508844 
0.53249705 -1.545366 
0.50124164 -1.5798278 
0.46931798 -1.6121834 
0.43676864 -1.6423897 
0.40363699 -1.6704063 
0.36996723 -1.696196 
0.33580423 -1.7197243 
0.30119355 -1.7409599 
0.26618131 -1.7598745 
0.23081421 -1.7764429 
0.19513939 -1.7906429 
0.15920441 -1.8024557 
0.12305718 -1.8118654 
0.086745899 -1.8188596 
0.050318966 -1.823429 
0.013824949 -1.8255673 
-0.0226875 -1.8252719 
-0.059169703 -1.822543 
-0.095573021 -1.8173844 
-0.13184892 -1.8098028 
-0.16794904 -1.7998084 
-0.20382526 -1.7874146 
-0.23942974 -1.7726377 
-0.27471501 -1.7554977 
-0.30963404 -1.7360172 
-0.34414027 -1.7142223 
-0.3781877 -1.690142 
-0.41173093 -1.6638085 
-0.44472525 -1.6352568 
-0.47712666 -1.604525 
-0.50889198 -1.571654 
-0.53997886 -1.5366878 
-0.57034584 -1.4996729 
-0.59995244 -1.4606586 
-0.62875919 -1.419697 
-0.6567277 -1.3768426 
-0.68382066 -1.3321527 
-0.71000197 -1.2856868 
-0.73523671 -1.2375068 
-0.75949124 -1.187677 
-0.78273323 -1.1362638 
-0.80493169 -1.0833358 
-0.82605703 -1.0289635 
-0.84608109 -0.97321934 
-0.86497716 -0.91617773 
-0.88272005 -0.85791468 
-0.89928612 -0.79850788 
-0.91465327 -0.73803651 
-0.92880102 -0.67658121 
-0.9417105 -0.6142239 
-0.95336451 -0.55104771 
-0.96374751 -0.48713688 
-0.97284566 -0.4225766 
-0.98064682 -0.35745295 
-0.9871406 -0.29185274 
-0.99231834 -0.22586345 
-0.99617313 -0.15957303 
-0.99869984 -0.093069881 
-0.9998951 -0.026442647 
-0.99975731 0.040219839 
-0.99828666 0.1068287 
-0.99548511 0.17329515 
-0.9913564 0.23953056 
-0.98590602 0.30544663 
-0.97914125 0.37095548 
-0.9710711 0.43596978 
-0.96170633 0.50040285 
-0.95105943 0.5641688 
-0.93914459 0.6271826 
-0.9259777 0.68936025 
-0.91157631 0.75061886 
-0.89595962 0.81087675 
-0.87914845 0.87005359 
-0.86116521 0.92807049 
-0.84203388 0.9848501 
-0.82177996 1.0403167 
-0.80043046 1.0943964 
-0.77801383 1.1470171 
-0.75455997 1.1981085 
-0.73010014 1.2476027 
-0.70466695 1.2954336 
-0.67829431 1.3415374 
-0.65101738 1.3858527 
-0.62287252 1.4283205 
-0.59389726 1.468884 
-0.56413022 1.5074892 
-0.53361109 1.5440846 
-0.50238056 1.5786215 
-0.47048026 1.6110538 
-0.43795273 1.6413383 
-0.40484132 1.6694345 
-0.37119019 1.6953051 
-0.33704419 1.7189155 
-0.30244884 1.7402343 
-0.26745028 1.7592331 
-0.23209516 1.7758864 
-0.19643061 1.7901722 
-0.16050418 1.8020714 
-0.12436377 1.811568 
-0.088057564 1.8186495 
-0.051633958 1.8233064 
-0.015141514 1.8255325 
0.021371116 1.8253249 
0.057855255 1.8226837 
0.094262262 1.8176125 
0.1305436 1.8101182 
0.1666509 1.8002106 
0.20253602 1.787903 
0.23815113 1.7732118 
0.27344873 1.7561566 
0.30838178 1.7367601 
0.34290369 1.7150481 
