1000
1 0 
0.99933356 -0.066644452 
0.99733511 -0.13320007 
0.99400733 -0.19957816 
0.98935464 -0.26569022 
0.98338326 -0.33144815 
0.97610114 -0.3967643 
0.96751798 -0.4615516 
0.95764522 -0.52572371 
0.94649604 -0.58919508 
0.93408527 -0.65188113 
0.92042948 -0.71369829 
0.90554686 -0.77456416 
0.88945724 -0.83439763 
0.87218207 -0.89311894 
0.85374438 -0.95064983 
0.83416875 -1.0069136 
0.81348126 -1.0618353 
0.79170949 -1.1153416 
0.76888246 -1.1673614 
0.7450306 -1.2178251 
0.72018569 -1.2666657 
0.69438085 -1.3138179 
0.66765049 -1.3592189 
0.64003021 -1.4028083 
0.61155685 -1.4445279 
0.58226835 -1.484322 
0.55220376 -1.5221378 
0.52140313 -1.5579247 
0.48990753 -1.591635 
0.45775895 -1.6232239 
0.42500021 -1.6526492 
0.39167501 -1.6798717 
0.35782774 -1.7048551 
0.32350352 -1.7275662 
0.28874812 -1.7479746 
0.25360784 -1.7660531 
0.21812953 -1.7817777 
0.18236048 -1.7951273 
0.14634837 -1.8060843 
0.11014118 -1.814634 
0.073787194 -1.8207649 
0.037334855 -1.824469 
0.00083275341 -1.8257412 
-0.035670459 -1.82458 
-0.072126126 -1.8209867 
-0.10848566 -1.8149664 
-0.14470059 -1.8065268 
-0.18072265 -1.7956794 
-0.21650383 -1.7824385 
-0.25199643 -1.7668218 
-0.28715315 -1.7488502 
-0.32192713 -1.7285475 
-0.35627201 -1.7059408 
-0.39014202 -1.6810604 
-0.42349202 -1.6539392 
-0.45627755 -1.6246136 
-0.48845491 -1.5931225 
-0.51998121 -1.559508 
-0.55081444 -1.5238148 
-0.5809135 -1.4860905 
-0.61023826 -1.4463855 
-0.63874964 -1.4047525 
-0.66640963 -1.3612472 
-0.69318138 -1.3159275 
-0.71902919 -1.2688538 
-0.74391862 -1.2200889 
-0.76781649 -1.1696977 
-0.79069094 -1.1177475 
-0.81251149 -1.0643074 
-0.83324905 -1.0094487 
-0.85287598 -0.95324456 
-0.87136613 -0.89576982 
-0.88869484 -0.83710112 
-0.90483901 -0.77731666 
-0.91977714 -0.71649612 
-0.93348931 -0.65472058 
-0.94595724 -0.59207236 
-0.95716431 -0.52863497 
-0.96709559 -0.46449297 
-0.97573784 -0.39973186 
-0.98307954 -0.33443795 
-0.9891109 -0.26869827 
-0.99382389 -0.20260044 
-0.99721222 -0.13623257 
-0.99927137 -0.069683117 
-0.99999861 -0.0030407845 
-0.99939296 0.063605601 
-0.99745524 0.13016721 
-0.99418801 0.19655532 
-0.98959564 0.26268144 
-0.98368426 0.32845743 
-0.97646172 0.39379563 
-0.96793768 0.45860895 
-0.95812348 0.52281099 
-0.94703221 0.58631618 
-0.93467865 0.64903987 
-0.92107926 0.71089847 
-0.90625218 0.77180952 
-0.89021717 0.83169183 
-0.8729956 0.89046559 
-0.85461042 0.94805245 
-0.83508613 1.0043757 
-0.81444878 1.0593602 
-0.79272585 1.1129327 
-0.7699463 1.1650217 
-0.74614051 1.215558 
-0.72134019 1.264474 
-0.6955784 1.3117046 
-0.66888949 1.3571869 
-0.64130902 1.4008601 
-0.61287375 1.4426662 
-0.5836216 1.4825494 
-0.55359154 1.5204565 
-0.5228236 1.556337 
-0.4913588 1.5901431 
-0.45923907 1.6218297 
-0.42650723 1.6513546 
-0.3932069 1.6786784 
-0.35938247 1.7037647 
-0.32507902 1.7265801 
-0.29034228 1.7470941 
-0.25521854 1.7652795 
-0.21975463 1.7811119 
-0.18399781 1.7945703 
-0.14799574 1.8056368 
-0.1117964 1.8142965 
-0.075448058 1.820538 
-0.038999149 1.8243529 
-0.0024982579 1.8257362 
0.034005963 1.8246859 
0.070464857 1.8212035 
0.10682983 1.8152937 
0.14305241 1.8069643 
0.17908432 1.7962264 
0.21487753 1.7830944 
0.25038433 1.7675856 
0.28555739 1.7497209 
0.32034984 1.729524 
0.3547153 1.7070218 
0.38860796 1.6822444 
0.42198265 1.6552247 
0.45479489 1.6259988 
0.48700093 1.5946056 
0.51855786 1.561087 
0.5494236 1.5254876 
0.57955703 1.4878549 
0.60891796 1.4482391 
0.63746728 1.4066929 
0.66516693 1.3632717 
0.69197998 1.3180335 
0.7178707 1.2710385 
0.74280458 1.2223493 
0.76674838 1.1720309 
0.78967019 1.1201503 
0.81153946 1.0667766 
0.83232704 1.0119811 
0.85200522 0.95583665 
0.87054777 0.89841822 
0.88792997 0.83980229 
0.90412866 0.780067 
0.91912225 0.71929197 
0.93289076 0.65755821 
0.94541582 0.59494799 
0.95668074 0.53154477 
0.96667052 0.46743306 
0.97537184 0.40269831 
0.98277309 0.33742682 
0.98886441 0.27170557 
0.99363769 0.20562216 
0.99708656 0.13926469 
0.99920642 0.07272159 
0.99999445 0.0060815605 
0.9994496 -0.060566575 
0.9975726 -0.12713398 
0.99436594 -0.19353193 
0.9898339 -0.25967193 
0.98398252 -0.32546581 
0.9768196 -0.39082588 
0.9683547 -0.45566502 
0.95859908 -0.51989681 
0.94756575 -0.58343564 
0.93526943 -0.64619681 
0.92172649 -0.70809668 
0.906955 -0.76905273 
0.89097463 -0.82898372 
0.8738067 -0.88780976 
0.85547408 -0.94545245 
0.8360012 -1.001835 
0.81541403 -1.0568821 
0.79374001 -1.1105206 
0.77100801 -1.1626789 
0.74724835 -1.2132874 
0.72249269 -1.2622788 
0.69677402 -1.3095877 
0.67012663 -1.355151 
0.64258604 -1.3989081 
0.61418895 -1.4408006 
0.58497322 -1.4807727 
0.55497778 -1.5187711 
0.52424262 -1.5547451 
0.4928087 -1.5886468 
0.46071793 -1.620431 
0.42801306 -1.6500554 
0.39473771 -1.6774804 
0.36093621 -1.7026695 
0.32665362 -1.7255892 
0.29193564 -1.7462088 
0.25682854 -1.764501 
0.22137912 -1.7804412 
0.18563462 -1.7940083 
0.1496427 -1.8051843 
0.11345131 -1.8139541 
0.077108712 -1.8203061 
0.040663334 -1.8242318 
0.0041637555 -1.825726 
-0.032341373 -1.8247868 
-0.068803393 -1.8214153 
-0.10517371 -1.815616 
-0.14140384 -1.8073968 
-0.17744549 -1.7967685 
-0.21325063 -1.7837453 
-0.24877152 -1.7683445 
-0.28396084 -1.7505868 
-0.31877166 -1.7304957 
-0.3531576 -1.7080981 
-0.38707282 -1.6834237 
-0.42047211 -1.6565056 
-0.45331096 -1.6273795 
-0.4855456 -1.5960842 
-0.51713306 -1.5626616 
-0.54803123 -1.5271561 
-0.57819895 -1.4896151 
-0.60759599 -1.4500886 
-0.63618317 -1.4086293 
-0.66392238 -1.3652925 
-0.69077667 -1.3201358 
-0.71671022 -1.2732196 
-0.74168848 -1.2246063 
-0.76567815 -1.1743608 
-0.78864726 -1.1225499 
-0.81056519 -1.0692428 
-0.83140272 -1.0145106 
-0.85113209 -0.95842609 
-0.86972699 -0.90106412 
-0.88716264 -0.84250113 
-0.90341581 -0.78281518 
-0.91846482 -0.72208583 
-0.93228961 -0.66039401 
-0.94487177 -0.59782197 
-0.95619452 -0.53445309 
-0.96624277 -0.47037185 
-0.97500313 -0.40566365 
-0.98246391 -0.34041475 
-0.98861518 -0.27471211 
-0.99344874 -0.20864332 
-0.99695813 -0.14229642 
-0.9991387 -0.07575986 
-0.99998752 -0.0091223197 
-0.99950347 0.05752738 
-0.99768719 0.1241004 
-0.9945411 0.19050801 
-0.99006941 0.2566617 
-0.98427806 0.32247328 
-0.97717477 0.38785504 
-0.96876903 0.45271983 
-0.95907202 0.5169812 
-0.94809667 0.58055349 
-0.93585761 0.64335197 
-0.92237117 0.70529292 
-0.9076553 0.76629381 
-0.89172963 0.8262733 
-0.87461538 0.88515147 
-0.85633537 0.94284983 
-0.83691395 0.99929147 
-0.81637703 1.0544012 
-0.79475196 1.1081055 
-0.77206758 1.1603328 
-0.74835411 1.2110135 
-0.72364318 1.2600801 
-0.69796771 1.3074671 
-0.67136192 1.3531114 
-0.64386128 1.3969522 
-0.61550245 1.438931 
-0.58632322 1.4789919 
-0.55636249 1.5170814 
-0.52566019 1.5531488 
-0.49425724 1.5871461 
-0.4621955 1.6190278 
-0.42951771 1.6487516 
-0.39626741 1.6762778 
-0.36248894 1.7015696 
-0.32822731 1.7245935 
-0.29352819 1.7453187 
-0.25843782 1.7637176 
-0.22300299 1.7797656 
-0.18727092 1.7934414 
-0.15128924 1.8047267 
-0.11510591 1.8136066 
-0.078769153 1.8200691 
-0.042327406 1.8241056 
-0.0058292415 1.8257108 
0.030676693 1.8248826 
0.067141738 1.821622 
0.10351729 1.8159333 
0.13975487 1.8078243 
0.17580617 1.7973056 
0.21162313 1.7843913 
0.24715803 1.7690986 
0.2823635 1.7514478 
0.3171926 1.7314626 
0.35159892 1.7091696 
0.3855366 1.6845984 
0.41896041 1.6577818 
0.45182578 1.6287556 
0.48408892 1.5975585 
0.51570682 1.5642319 
0.54663735 1.5288205 
0.57683927 1.4913712 
0.60627232 1.4519342 
0.63489728 1.4105619 
0.66267599 1.3673094 
0.68957143 1.3222345 
0.71554775 1.2753972 
0.74057032 1.2268599 
0.7646058 1.1766874 
0.78762214 1.1249465 
0.80958866 1.0717061 
0.8304761 1.0170373 
0.8502566 0.96101287 
0.8689038 0.90370752 
0.88639285 0.84519763 
0.90270044 0.78556119 
0.91780483 0.72487768 
0.93168589 0.66322799 
0.94432511 0.60069429 
0.95570565 0.53735993 
0.96581234 0.47330933 
0.97463172 0.40862786 
0.98215201 0.34340174 
0.98836321 0.2777179 
0.99325703 0.21166389 
0.99682694 0.14532776 
0.9990682 0.07879792 
0.99997781 0.012163054 
0.99955456 -0.054488025 
0.99779901 -0.12106648 
0.99471351 -0.18748356 
0.99030217 -0.25365075 
0.98457086 -0.31947985 
0.97752723 -0.38488312 
0.96918067 -0.44977339 
0.95954229 -0.51406415 
0.94862496 -0.57766973 
0.9364432 -0.64050533 
0.92301328 -0.70248721 
0.90835308 -0.76353276 
0.89248215 -0.8235606 
0.87542163 -0.88249073 
0.85719428 -0.94024459 
0.83782438 -0.99674521 
0.81733776 -1.0519173 
0.79576171 -1.1056873 
0.773125 -1.1579835 
0.74945781 -1.2087363 
0.72479166 -1.2578779 
0.69915946 -1.3053429 
0.67259535 -1.3510681 
0.64513474 -1.3949924 
0.61681424 -1.4370574 
0.5876716 -1.4772069 
0.55774565 -1.5153875 
0.5270763 -1.5515482 
0.49570441 -1.5856409 
0.4636718 -1.6176201 
0.43102116 -1.6474432 
0.39779602 -1.6750705 
0.36404067 -1.700465 
0.32980009 -1.7235931 
0.29511992 -1.7444237 
0.26004639 -1.7629293 
0.22462625 -1.779085 
0.1889067 -1.7928694 
0.15293537 -1.8042642 
0.11676019 -1.813254 
0.080429375 -1.819827 
0.043991361 -1.8239744 
0.0074947114 -1.8256906 
-0.029011928 -1.8249733 
-0.065479897 -1.8218236 
-0.10186059 -1.8162456 
-0.13810551 -1.8082467 
-0.17416636 -1.7978377 
-0.20999506 -1.7850323 
-0.24554386 -1.7698477 
-0.28076537 -1.752304 
-0.31561266 -1.7324247 
-0.35003927 -1.7102363 
-0.38399932 -1.6857684 
-0.41744754 -1.6590535 
-0.45033934 -1.6301273 
-0.4826309 -1.5990283 
-0.51427916 -1.5657979 
-0.54524195 -1.5304806 
-0.57547798 -1.4931232 
-0.60494697 -1.4537757 
-0.63360964 -1.4124905 
-0.66142777 -1.3693226 
-0.68836429 -1.3243295 
-0.7143833 -1.2775713 
-0.73945011 -1.2291102 
-0.76353132 -1.1790108 
-0.78659483 -1.1273399 
-0.80860989 -1.0741664 
-0.82954717 -1.0195612 
-0.84937875 -0.96359698 
-0.8680782 -0.90634842 
-0.8856206 -0.84789179 
-0.90198257 -0.78830502 
-0.9171423 -0.72766752 
-0.93107957 -0.66606013 
-0.94377582 -0.60356495 
-0.95521413 -0.54026528 
-0.96537923 -0.4762455 
-0.9742576 -0.41159094 
-0.98183739 -0.34638778 
-0.98810849 -0.28072291 
-0.99306256 -0.21468388 
-0.99669299 -0.14835869 
-0.99899493 -0.081835762 
-0.99996533 -0.015203754 
-0.99960288 0.05144852 
-0.99790807 0.11803222 
-0.99488316 0.18445859 
-0.99053219 0.2506391 
-0.98486094 0.31648554 
-0.97787698 0.38191014 
-0.96958962 0.44682569 
-0.96000991 0.51114568 
-0.94915061 0.57478436 
-0.9370262 0.63765692 
-0.92365283 0.69967956 
-0.90904834 0.7607696 
-0.89323219 0.82084561 
-0.87622546 0.87982753 
-0.85805082 0.93763674 
-0.83873249 0.99419619 
-0.81829622 1.0494305 
-0.79676925 1.103266 
-0.77418028 1.155631 
-0.75055942 1.2064556 
-0.72593814 1.2556722 
-0.70034927 1.3032151 
-0.67382691 1.349021 
-0.64640641 1.3930288 
-0.61812432 1.4351798 
-0.58901834 1.4754179 
-0.55912727 1.5136894 
-0.52849094 1.5499434 
-0.4971502 1.5841314 
-0.4651468 1.616208 
-0.43252342 1.6461303 
-0.39932353 1.6738585 
-0.36559139 1.6993557 
-0.33137195 1.7225878 
-0.29671084 1.7435239 
-0.26165424 1.7621361 
-0.22624888 1.7783995 
-0.19054196 1.7922925 
-0.15458107 1.8037966 
-0.11841414 1.8128965 
-0.082089374 1.8195799 
-0.045655194 1.8238381 
-0.0091601605 1.8256653 
0.027347082 1.825059 
0.063817875 1.8220202 
0.1002036 1.8165528 
0.13645577 1.8086642 
0.17252606 1.7983648 
0.2083664 1.7856684 
0.243929 1.7705918 
0.27916647 1.7531553 
0.31403184 1.7333821 
0.34847865 1.7112984 
0.38246097 1.6869337 
0.41593351 1.6603206 
0.44885166 1.6314944 
0.48117154 1.6004936 
0.51285007 1.5673596 
0.54384503 1.5321364 
0.57411511 1.4948711 
0.60361995 1.4556132 
0.63232023 1.4144152 
0.66017771 1.371332 
0.68715523 1.3264209 
0.71321686 1.2797418 
0.73832785 1.231357 
0.76245473 1.1813309 
0.78556534 1.1297302 
0.80762888 1.0766237 
0.82861594 1.0220822 
0.84849854 0.96617842 
0.86725019 0.9089868 
0.8848459 0.8505836 
0.9012622 0.79104666 
0.91647722 0.73045534 
0.93047068 0.66889041 
0.94322392 0.60643393 
0.95471995 0.54316913 
0.96494345 0.47918035 
0.97388078 0.41455288 
0.98152004 0.34937285 
0.98785104 0.28372715 
0.99286534 0.21770327 
0.99655627 0.15138922 
0.99891889 0.084873377 
0.99995007 0.018244412 
0.99964843 -0.048408872 
0.99801436 -0.11499763 
0.99505005 -0.18143311 
0.99075945 -0.24762676 
0.98514828 -0.31349035 
0.97822402 -0.3789361 
0.96999589 -0.44387676 
0.96047486 -0.50822579 
0.94967363 -0.5718974 
0.93760659 -0.63480674 
0.92428982 -0.69686996 
0.90974108 -0.75800432 
0.89397975 -0.81812835 
0.87702685 -0.8771619 
0.85890497 -0.9350263 
0.83963826 -0.9916444 
0.81925241 -1.0469408 
0.79777459 -1.1008417 
0.77523342 -1.1532753 
0.75165895 -1.2041717 
0.7270826 -1.2534631 
0.70153713 -1.3010837 
0.6750566 -1.3469702 
0.64767628 -1.3910613 
0.61943269 -1.4332982 
0.59036346 -1.4736248 
0.56050734 -1.5119871 
0.52990412 -1.5483342 
0.49859461 -1.5826175 
0.46662052 -1.6147913 
0.43402448 -1.6448128 
0.40084993 -1.672642 
0.36714109 -1.6982417 
0.3329429 -1.7215778 
0.29830093 -1.7426193 
0.26326136 -1.761338 
0.22787089 -1.7777091 
0.19217669 -1.7917107 
0.15622634 -1.8033241 
0.12006776 -1.8125339 
0.083749145 -1.8193278 
0.0473189 -1.8236967 
0.010825584 -1.8256349 
-0.025682161 -1.8251397 
-0.062155675 -1.8222117 
-0.098546342 -1.816855 
-0.13480566 -1.8090766 
-0.17088529 -1.7988869 
-0.20673716 -1.7862995 
-0.24231346 -1.7713311 
-0.27756679 -1.7540018 
-0.31245015 -1.7343346 
-0.34691706 -1.7123556 
-0.38092156 -1.6880944 
-0.41441833 -1.661583 
-0.44736273 -1.632857 
-0.47971085 -1.6019545 
-0.51141956 -1.5689169 
-0.54244661 -1.533788 
-0.57275064 -1.4966147 
-0.60229125 -1.4574467 
-0.63102908 -1.416336 
-0.65892581 -1.3733375 
-0.68594427 -1.3285085 
-0.71204845 -1.2819087 
-0.73720354 -1.2336003 
-0.76137602 -1.1836477 
-0.78453367 -1.1321174 
-0.80664562 -1.0790781 
-0.82768241 -1.0246005 
-0.84761598 -0.96875718 
-0.86641978 -0.91162266 
-0.88406874 -0.85327304 
-0.90053933 -0.79378611 
-0.9158096 -0.73324114 
-0.9298592 -0.67171885 
-0.9426694 -0.60930123 
-0.95422313 -0.54607148 
-0.96450498 -0.48211387 
-0.97350126 -0.41751366 
-0.98119997 -0.35235696 
-0.98759084 -0.2867306 
-0.99266537 -0.22072206 
-0.99641678 -0.15441932 
-0.99884008 -0.087910756 
-0.99993204 -0.021285019 
-0.9996912 0.045369089 
-0.99811788 0.11196273 
-0.99521418 0.17840713 
-0.99098397 0.24461373 
-0.98543289 0.31049429 
-0.97856834 0.375961 
-0.97039946 0.4409266 
-0.96093715 0.50530448 
-0.95019402 0.56900886 
-0.93818438 0.6319548 
-0.92492425 0.69405842 
-0.9104313 0.75523694 
-0.89472484 0.81540881 
-0.87782581 0.87449384 
-0.85975674 0.93241325 
-0.84054171 0.98908987 
-0.82020633 1.0444481 
-0.79877771 1.0984143 
-0.7762844 1.1509163 
-0.75275639 1.2018844 
-0.72822505 1.2512504 
-0.70272306 1.2989487 
-0.67628441 1.3449156 
-0.64894436 1.3890899 
-0.62073933 1.4314127 
-0.59170693 1.4718276 
-0.56188585 1.5102807 
-0.53131583 1.5467207 
-0.50003764 1.5810992 
-0.46809294 1.6133702 
-0.43552433 1.6434908 
-0.40237522 1.6714207 
-0.36868978 1.6971229 
-0.33451292 1.720563 
-0.29989019 1.7417098 
-0.26486775 1.760535 
-0.22949226 1.7770137 
-0.19381088 1.7911238 
-0.15787118 1.8028465 
-0.12172105 1.8121663 
-0.085408684 1.8190706 
-0.048982475 1.8235503 
-0.012490978 1.8255994 
0.024017169 1.8252152 
0.060493303 1.8223982 
0.096888806 1.8171521 
0.13315517 1.809484 
0.16924405 1.799404 
0.20510734 1.7869256 
0.24069726 1.7720655 
0.27596634 1.7548434 
0.3108676 1.7352822 
0.3453545 1.7134082 
0.37938109 1.6892503 
0.412902 1.6628409 
0.44587256 1.6342151 
0.47824882 1.603411 
0.50998763 1.5704698 
0.54104668 1.5354353 
0.57138458 1.4983543 
0.60096088 1.4592761 
0.62973617 1.4182529 
0.65767209 1.3753393 
0.68473141 1.3305925 
0.71087805 1.2840722 
0.73607718 1.2358403 
0.7602952 1.1859612 
0.78349982 1.1345014 
0.80566013 1.0815294 
0.82674658 1.0271158 
0.84673107 0.97133326 
0.86558697 0.91425599 
0.88328913 0.85596012 
0.89981396 0.79652335 
0.91513944 0.7360249 
0.92924515 0.67454542 
0.94211227 0.61216684 
0.95372366 0.54897231 
0.96406384 0.48504606 
0.97311904 0.42047329 
0.98087717 0.35534009 
0.98732791 0.28973325 
0.99246264 0.22374023 
0.99627453 0.15744899 
0.9987585 0.090947892 
0.99991124 0.024325567 
0.9997312 -0.042329181 
0.99821863 -0.10892751 
0.99537555 -0.17538065 
0.99120574 -0.24160002 
0.98571477 -0.30749737 
0.97890995 -0.37298487 
0.97080035 -0.43797521 
0.96139678 -0.50238178 
0.95071177 -0.56611873 
0.93875957 -0.62910111 
0.92555611 -0.69124497 
0.91111899 -0.75246747 
0.89546744 -0.81268702 
0.87862234 -0.87182334 
0.86060613 -0.92979763 
0.84144283 -0.98653259 
0.82115798 -1.0419526 
0.79977861 -1.0959838 
0.77733323 -1.1485542 
0.75385175 -1.1995937 
0.72936547 -1.2490343 
0.70390703 -1.2968101 
0.67751035 -1.3428573 
0.65021063 -1.3871147 
0.62204426 -1.4295232 
0.59304876 -1.4700263 
0.5632628 -1.50857 
0.53272607 -1.5451029 
0.50147928 -1.5795765 
0.46956407 -1.6119446 
0.43702298 -1.6421641 
0.40389939 -1.6701949 
0.37023745 -1.6959994 
0.33608202 -1.7195434 
0.30147863 -1.7407954 
0.2664734 -1.7597272 
0.231113 -1.7763134 
0.19544454 -1.790532 
0.15951558 -1.802364 
0.12337401 -1.8117936 
0.087067986 -1.8188084 
0.050645914 -1.8233988 
0.014156337 -1.8255589 
-0.022352109 -1.8252857 
-0.058830763 -1.8225796 
-0.095231001 -1.8174442 
-0.13150431 -1.8098864 
-0.16760233 -1.7999162 
-0.20347696 -1.7875469 
-0.23908038 -1.7727949 
-0.27436513 -1.7556801 
-0.30928418 -1.7362251 
-0.34379099 -1.7144559 
-0.37783957 -1.6904016 
-0.41138453 -1.6640941 
-0.44438115 -1.6355686 
-0.47678547 -1.604863 
-0.50855428 -1.5720184 
-0.53964525 -1.5370784 
-0.57001693 -1.5000897 
-0.59962884 -1.4611015 
-0.62844152 -1.4201658 
-0.65641655 -1.3773372 
-0.68351665 -1.3326727 
-0.70970569 -1.286232 
-0.73494878 -1.2380769 
-0.75921226 -1.1882715 
-0.7824638 -1.1368823 
-0.8046724 -1.0839777 
-0.82580846 -1.0296284 
-0.84584381 -0.97390664 
-0.86475175 -0.91688679 
-0.88250706 -0.85864483 
-0.8990861 -0.79925839 
-0.91446675 -0.73880663 
-0.92862851 -0.67737012 
-0.94155252 -0.61503075 
-0.95322155 -0.55187161 
-0.96362003 -0.48797689 
-0.97273412 -0.42343176 
-0.98055166 -0.35832223 
-0.98706223 -0.2927351 
-0.99225716 -0.22675779 
-0.99612952 -0.16047823 
-0.99867415 -0.093984775 
-0.99988766 -0.027366048 
-0.99976843 0.039289155 
-0.99831662 0.10589199 
-0.99553416 0.17235368 
-0.99142477 0.23858565 
-0.98599391 0.3044996 
-0.97924884 0.37000769 
-0.97119854 0.43502261 
-0.96185373 0.49945768 
-0.95122689 0.56322704 
-0.93933216 0.62624567 
-0.92618541 0.68842959 
-0.91180415 0.74969591 
-0.89620756 0.80996297 
-0.87941643 0.86915043 
-0.86145313 0.92717942 
-0.84234161 0.98397258 
-0.82210734 1.0394542 
-0.8007773 1.0935504 
-0.77837991 1.1461889 
-0.75494502 1.1972998 
-0.73050387 1.2468147 
-0.70508905 1.2946678 
-0.67873442 1.3407953 
-0.65147511 1.3851356 
-0.62334746 1.4276297 
-0.59438895 1.4682209 
-0.56463819 1.5068551 
-0.53413483 1.5434809 
-0.50291953 1.5780494 
-0.47103389 1.6105145 
-0.43852041 1.640833 
-0.40542244 1.6689644 
-0.37178408 1.6948713 
-0.33765018 1.7185191 
-0.30306622 1.7398763 
-0.26807832 1.7589145 
-0.23273309 1.7756082 
-0.19707766 1.7899352 
-0.16115954 1.8018764 
-0.12502662 1.811416 
-0.088727047 1.8185411 
-0.052309213 1.8232423 
-0.015821656 1.8255133 
0.020686988 1.8253512 
0.05716806 1.822756 
0.093572932 1.8177313 
0.12985308 1.8102838 
0.16596015 1.8004233 
0.20184602 1.7881631 
0.23746284 1.7735195 
0.27276316 1.7565119 
0.30769991 1.7371632 
0.34222653 1.715499 
0.376297 1.6915482 
0.40986591 1.6653427 
0.44288851 1.6369176 
0.4753208 1.6063106 
0.50711953 1.5735626 
0.53824233 1.5387172 
0.56864771 1.5018209 
0.59829514 1.4629228 
0.62714512 1.4220748 
0.65515918 1.3793313 
0.68229999 1.3347493 
0.70853136 1.2883883 
0.73381834 1.24031 
0.75812723 1.1905784 
0.78142561 1.13926 
0.80368244 1.0864231 
0.82486806 1.0321381 
0.84495421 0.97647732 
0.86391413 0.91951504 
0.88172255 0.86132715 
0.89835574 0.80199121 
0.91379151 0.7415863 
0.92800931 0.68019294 
0.94099016 0.61789295 
0.95271679 0.55476939 
0.96317355 0.49090638 
0.9723465 0.42638904 
0.98022342 0.36130338 
0.98679382 0.29573614 
0.99204893 0.22977471 
0.99598174 0.16350702 
0.99858703 0.097021397 
0.99986131 0.030406453 
0.99980288 -0.03624902 
0.99841183 -0.10285618 
0.99569001 -0.16932624 
0.99164104 -0.23557061 
0.98627032 -0.30150099 
0.97958502 -0.3670295 
0.97159403 -0.4320688 
0.96230802 -0.4965322 
0.95173936 -0.56033378 
0.93990214 -0.6233885 
0.92681213 -0.68561231 
0.91248679 -0.74692227 
0.8969452 -0.80723667 
0.88020808 -0.86647511 
0.86229774 -0.92455864 
0.84323806 -0.98140983 
0.82305443 -1.0369529 
0.80177376 -1.0911139 
0.77942442 -1.1438205 
0.75603619 -1.1950025 
0.73164025 -1.2445917 
0.70626911 -1.292522 
0.6799566 -1.3387295 
0.65273777 -1.3831527 
0.62464892 -1.4257322 
0.59572749 -1.4664114 
0.56601201 -1.5051361 
0.53554211 -1.5418546 
0.50435838 -1.5765179 
0.4725024 -1.6090799 
0.44001663 -1.6394972 
0.40694437 -1.6677293 
0.37332969 -1.6937384 
0.3392174 -1.71749 
0.30465298 -1.7389523 
0.26968249 -1.7580968 
0.23435254 -1.774898 
0.19871023 -1.7893334 
0.16280305 -1.8013839 
0.12667888 -1.8110333 
0.090385861 -1.8182688 
0.053972366 -1.8230807 
0.017486932 -1.8254627 
-0.01902181 -1.8254115 
-0.055505198 -1.8229273 
-0.091914604 -1.8180133 
-0.1282015 -1.8106761 
-0.16431751 -1.8009255 
-0.20021451 -1.7887744 
-0.23584465 -1.7742391 
-0.27116043 -1.7573389 
-0.30611478 -1.7380964 
-0.34066112 -1.7165372 
-0.37475339 -1.6926901 
-0.40834616 -1.6665867 
-0.44139465 -1.6382621 
-0.4738548 -1.6077537 
-0.50568337 -1.5751025 
-0.53683791 -1.5403518 
-0.5672769 -1.5035479 
-0.59695978 -1.46474 
-0.62584698 -1.4239798 
-0.6539 -1.3813216 
-0.68108143 -1.3368222 
-0.70735507 -1.290541 
-0.73268587 -1.2425396 
-0.75704009 -1.1928821 
-0.78038526 -1.1416346 
-0.80269026 -1.0888654 
-0.82392536 -1.0346449 
-0.84406226 -0.97904529 
-0.86307412 -0.92214074 
-0.8809356 -0.86400708 
-0.89762289 -0.8047218 
-0.91311374 -0.74436391 
-0.92738752 -0.68301387 
-0.9404252 -0.62075345 
-0.95220939 -0.55766563 
-0.96272439 -0.4938345 
-0.97195618 -0.42934515 
-0.97989247 -0.36428353 
-0.98652267 -0.29873635 
-0.99183794 -0.232791 
-0.99583121 -0.16653536 
-0.99849714 -0.10005775 
-0.99983218 -0.033446773 
-0.99983456 0.033208785 
-0.99850427 0.099820079 
-0.99584309 0.16629832 
-0.99185456 0.23255491 
-0.98654399 0.29850153 
-0.97991848 0.36405028 
-0.97198683 0.42911379 
-0.96275964 0.49360534 
-0.9522492 0.55743897 
-0.94046951 0.62052959 
-0.92743629 0.68279312 
-0.91316689 0.74414656 
-0.89768034 0.80450813 
-0.88099729 0.86379739 
-0.86313996 0.9219353 
-0.84413217 0.97884437 
-0.82399923 1.0344487 
-0.802768 1.0886743 
-0.78046677 1.1414488 
-0.75712527 1.1927019 
-0.73277459 1.2423652 
-0.70744722 1.2903726 
-0.68117689 1.3366601 
-0.65399863 1.3811659 
-0.62594866 1.4238308 
-0.59706437 1.4645979 
-0.56738427 1.5034129 
-0.5369479 1.540224 
-0.50579584 1.5749821 
-0.47396961 1.6076409 
-0.44151163 1.638157 
-0.40846516 1.6664895 
-0.37487426 1.6926008 
-0.34078369 1.7164561 
-0.30623889 1.7380235 
-0.27128591 1.7572744 
-0.23597134 1.7741829 
-0.20034224 1.7887267 
-0.16444611 1.8008863 
-0.12833079 1.8106456 
-0.092044425 1.8179914 
-0.05563537 1.8229141 
-0.01915216 1.825407 
0.017356579 1.8254668 
0.053842182 1.8230935 
0.09025602 1.8182903 
0.12654956 1.8110634 
0.16267442 1.8014226 
0.19858245 1.7893807 
0.2342258 1.7749538 
0.26955694 1.758161 
0.3045288 1.7390248 
0.33909476 1.7175707 
