100
0 0.991 
-0.00063999171 0.99146079 
-0.0013057524 0.99176094 
-0.0020110102 0.99190312 
-0.0027705618 0.99188691 
-0.0036005826 0.99170877 
-0.0045189696 0.99136185 
-0.005545725 0.9908358 
-0.0067033874 0.99011651 
-0.0080175188 0.98918574 
-0.009517259 0.98802065 
-0.011235956 0.98659328 
-0.013211884 0.98486988 
-0.015489068 0.98281012 
-0.018118219 0.98036617 
-0.021157808 0.97748157 
-0.024675283 0.97408997 
-0.028748463 0.97011358 
-0.033467108 0.96546143 
-0.038934702 0.96002731 
-0.04527045 0.95368733 
-0.052611514 0.94629717 
-0.061115487 0.93768881 
-0.070963108 0.92766676 
-0.082361194 0.91600371 
-0.095545755 0.90243546 
-0.11078522 0.88665506 
-0.12838363 0.86830606 
-0.14868368 0.84697468 
-0.17206917 0.82218081 
-0.19896672 0.79336767 
-0.22984578 0.75988991 
-0.2652165 0.72100001 
-0.30562392 0.67583274 
-0.3516371 0.62338753 
-0.40383069 0.56250853 
-0.46275613 0.49186225 
-0.52889799 0.40991267 
-0.60261017 0.314894 
-0.68402412 0.2047812 
-0.77291957 0.077259174 
-0.86854469 -0.070308224 
-0.96936927 -0.24090704 
-1.0727504 -0.43789598 
-1.1744858 -0.66501665 
-1.2682253 -0.92638027 
-1.344712 -1.2264129 
-1.3908283 -1.5697285 
-1.3884428 -1.960878 
-1.3131074 -2.4038835 
-1.1327671 -2.9013986 
-0.80688679 -3.4532072 
-0.28687554 -4.0535436 
0.48040587 -4.6863113 
1.5427476 -5.3166838 
2.9211739 -5.8771814 
4.5727476 -6.2483857 
6.3474023 -6.2457678 
7.9891488 -5.6505526 
9.2573832 -4.3267197 
10.126183 -2.3601884 
10.850816 -0.046592959 
11.827052 2.2887456 
13.42485 4.4499059 
15.93867 6.3989134 
19.632574 8.2021307 
24.81304 9.9693154 
31.897578 11.8161 
41.478834 13.848917 
54.395213 16.163198 
71.820678 18.847522 
95.38685 21.989668 
127.35254 25.682687 
170.84011 30.030348 
230.16465 35.151918 
311.29168 41.186551 
422.47302 48.297657 
575.1293 56.677589 
785.0749 66.552957 
1074.2181 78.190789 
1472.9211 91.905767 
2023.2751 108.06874 
2783.6488 127.11674 
3835.001 149.56481 
5289.6471 176.01995 
7303.4299 207.19747 
10092.621 243.94042 
13957.387 287.24228 
19314.383 338.27393 
26742.002 398.41522 
37043.229 469.29236 
51332.917 552.8218 
71158.995 651.26215 
98670.808 767.27517 
136852.9 903.9978 
189849.68 1065.1269 
263416.37 1255.0194 
365545.25 1478.8098 
507335.43 1742.5493 
704200.84 2053.3693 
