1000
1 0 
0.99989168 -0.009998889 
0.99968339 -0.019995612 
0.99937517 -0.029989169 
0.99896706 -0.039978562 
0.9984591 -0.049962792 
0.99785138 -0.059940862 
0.99714395 -0.069911774 
0.99633689 -0.079874533 
0.99543031 -0.089828143 
0.9944243 -0.099771609 
0.99331898 -0.10970394 
0.99211446 -0.11962414 
0.99081089 -0.12953123 
0.98940839 -0.1394242 
0.98790713 -0.14930209 
0.98630726 -0.15916389 
0.98460896 -0.16900862 
0.98281241 -0.17883531 
0.98091779 -0.18864297 
0.97892532 -0.19843063 
0.97683519 -0.2081973 
0.97464764 -0.21794201 
0.97236289 -0.2276638 
0.96998117 -0.23736168 
0.96750275 -0.24703471 
0.96492787 -0.2566819 
0.96225682 -0.2663023 
0.95948986 -0.27589496 
0.95662728 -0.2854589 
0.95366938 -0.29499319 
0.95061648 -0.30449687 
0.94746887 -0.313969 
0.9442269 -0.32340862 
0.94089089 -0.33281481 
0.9374612 -0.34218662 
0.93393816 -0.35152313 
0.93032216 -0.36082339 
0.92661355 -0.3700865 
0.92281272 -0.37931151 
0.91892007 -0.38849753 
0.91493598 -0.39764362 
0.91086088 -0.40674889 
0.90669518 -0.41581243 
0.9024393 -0.42483333 
0.89809369 -0.43381071 
0.89365878 -0.44274365 
0.88913503 -0.45163129 
0.88452291 -0.46047273 
0.87982288 -0.4692671 
0.87503542 -0.47801352 
0.87016103 -0.48671112 
0.86520021 -0.49535904 
0.86015344 -0.50395642 
0.85502127 -0.51250241 
0.84980419 -0.52099616 
0.84450276 -0.52943682 
0.8391175 -0.53782356 
0.83364897 -0.54615555 
0.82809772 -0.55443195 
0.82246431 -0.56265195 
0.81674933 -0.57081473 
0.81095334 -0.57891949 
0.80507695 -0.58696541 
0.79912074 -0.5949517 
0.79308532 -0.60287758 
0.7869713 -0.61074224 
0.78077931 -0.61854493 
0.77450998 -0.62628485 
0.76816393 -0.63396125 
0.76174181 -0.64157336 
0.75524427 -0.64912044 
0.74867198 -0.65660173 
0.7420256 -0.66401649 
0.73530579 -0.67136399 
0.72851325 -0.67864351 
0.72164865 -0.68585432 
0.7147127 -0.69299571 
0.70770609 -0.70006698 
0.70062954 -0.70706742 
0.69348376 -0.71399635 
0.68626947 -0.72085307 
0.6789874 -0.72763692 
0.67163829 -0.73434722 
0.66422288 -0.74098331 
0.65674192 -0.74754454 
0.64919617 -0.75403025 
0.64158638 -0.76043982 
0.63391333 -0.76677259 
0.62617779 -0.77302797 
0.61838054 -0.77920531 
0.61052237 -0.78530403 
0.60260407 -0.7913235 
0.59462644 -0.79726316 
0.58659028 -0.8031224 
0.57849641 -0.80890066 
0.57034563 -0.81459736 
0.56213879 -0.82021194 
0.55387669 -0.82574386 
0.54556017 -0.83119256 
0.53719007 -0.83655752 
0.52876723 -0.84183821 
0.52029251 -0.8470341 
0.51176675 -0.8521447 
0.50319081 -0.85716949 
0.49456557 -0.86210799 
0.48589187 -0.86695971 
0.4771706 -0.87172418 
0.46840264 -0.87640093 
0.45958887 -0.8809895 
0.45073017 -0.88548945 
0.44182743 -0.88990033 
0.43288156 -0.89422172 
0.42389345 -0.89845319 
0.414864 -0.90259433 
0.40579412 -0.90664474 
0.39668472 -0.91060402 
0.38753672 -0.91447179 
0.37835104 -0.91824767 
0.3691286 -0.92193129 
0.35987033 -0.9255223 
0.35057715 -0.92902035 
0.34125 -0.9324251 
0.33188982 -0.93573622 
0.32249755 -0.93895338 
0.31307413 -0.94207629 
0.3036205 -0.94510464 
0.29413761 -0.94803813 
0.28462642 -0.95087649 
0.27508788 -0.95361943 
0.26552295 -0.95626671 
0.25593258 -0.95881806 
0.24631774 -0.96127324 
0.2366794 -0.96363202 
0.22701851 -0.96589416 
0.21733605 -0.96805947 
0.20763299 -0.97012773 
0.1979103 -0.97209874 
0.18816895 -0.97397232 
0.17840993 -0.9757483 
0.16863421 -0.97742651 
0.15884276 -0.97900678 
0.14903657 -0.98048899 
0.13921663 -0.98187298 
0.12938391 -0.98315863 
0.1195394 -0.98434583 
0.10968409 -0.98543446 
0.099818956 -0.98642444 
0.089944995 -0.98731567 
0.080063192 -0.98810807 
0.070174536 -0.98880158 
0.060280018 -0.98939614 
0.050380626 -0.9898917 
0.040477351 -0.99028822 
0.030571185 -0.99058568 
0.020663117 -0.99078405 
0.010754139 -0.99088334 
0.00084524153 -0.99088353 
-0.0090625845 -0.99078465 
-0.018968349 -0.99058671 
-0.02887106 -0.99028975 
-0.03876973 -0.9898938 
-0.048663369 -0.98939892 
-0.058550988 -0.98880516 
-0.068431598 -0.98811261 
-0.078304214 -0.98732133 
-0.088167848 -0.98643143 
-0.098021516 -0.985443 
-0.10786423 -0.98435615 
-0.11769502 -0.983171 
-0.12751289 -0.98188768 
-0.13731686 -0.98050633 
-0.14710596 -0.9790271 
-0.15687921 -0.97745016 
-0.16663563 -0.97577566 
-0.17637425 -0.97400379 
-0.1860941 -0.97213474 
-0.19579421 -0.9701687 
-0.20547361 -0.96810589 
-0.21513134 -0.96594651 
-0.22476643 -0.9636908 
-0.23437792 -0.961339 
-0.24396485 -0.95889135 
-0.25352627 -0.9563481 
-0.26306123 -0.95370952 
-0.27256877 -0.9509759 
-0.28204795 -0.9481475 
-0.29149781 -0.94522463 
-0.30091744 -0.94220759 
-0.31030587 -0.93909668 
-0.31966218 -0.93589225 
-0.32898544 -0.9325946 
-0.33827471 -0.92920409 
-0.34752907 -0.92572107 
-0.35674761 -0.92214589 
-0.3659294 -0.91847892 
-0.37507353 -0.91472054 
-0.38417909 -0.91087114 
-0.39324518 -0.9069311 
-0.40227088 -0.90290085 
-0.41125531 -0.89878078 
-0.42019758 -0.89457133 
-0.42909678 -0.89027292 
-0.43795204 -0.88588599 
-0.44676247 -0.881411 
-0.45552721 -0.87684839 
-0.46424538 -0.87219864 
-0.47291611 -0.86746223 
-0.48153854 -0.86263963 
-0.49011181 -0.85773133 
-0.49863508 -0.85273785 
-0.5071075 -0.84765968 
-0.51552823 -0.84249735 
-0.52389642 -0.83725138 
-0.53221126 -0.8319223 
-0.5404719 -0.82651067 
-0.54867755 -0.82101702 
-0.55682737 -0.81544192 
-0.56492057 -0.80978593 
-0.57295633 -0.80404964 
-0.58093387 -0.79823362 
-0.5888524 -0.79233846 
-0.59671111 -0.78636476 
-0.60450925 -0.78031313 
-0.61224603 -0.77418418 
-0.6199207 -0.76797854 
-0.62753248 -0.76169684 
-0.63508062 -0.7553397 
-0.64256439 -0.74890778 
-0.64998303 -0.74240173 
-0.65733581 -0.7358222 
-0.66462202 -0.72916987 
-0.67184091 -0.7224454 
-0.67899179 -0.71564948 
-0.68607394 -0.70878279 
-0.69308666 -0.70184604 
-0.70002926 -0.69483992 
-0.70690106 -0.68776514 
-0.71370138 -0.68062241 
-0.72042954 -0.67341246 
-0.72708487 -0.66613602 
-0.73366673 -0.65879383 
-0.74017447 -0.65138661 
-0.74660743 -0.64391513 
-0.752965 -0.63638014 
-0.75924653 -0.62878239 
-0.76545141 -0.62112266 
-0.77157903 -0.61340171 
-0.77762879 -0.60562033 
-0.78360008 -0.59777931 
-0.78949233 -0.58987942 
-0.79530495 -0.58192148 
-0.80103737 -0.57390628 
-0.80668903 -0.56583463 
-0.81225936 -0.55770734 
-0.81774783 -0.54952524 
-0.82315389 -0.54128914 
-0.82847702 -0.53299989 
-0.83371668 -0.5246583 
-0.83887237 -0.51626523 
-0.84394358 -0.50782151 
-0.84892981 -0.49932801 
-0.85383058 -0.49078556 
-0.8586454 -0.48219504 
-0.86337381 -0.47355731 
-0.86801533 -0.46487324 
-0.87256952 -0.45614369 
-0.87703593 -0.44736955 
-0.88141413 -0.43855171 
-0.88570368 -0.42969104 
-0.88990418 -0.42078845 
-0.8940152 -0.41184481 
-0.89803635 -0.40286104 
-0.90196723 -0.39383804 
-0.90580747 -0.3847767 
-0.90955669 -0.37567796 
-0.91321453 -0.36654271 
-0.91678063 -0.35737187 
-0.92025464 -0.34816637 
-0.92363624 -0.33892713 
-0.92692508 -0.32965508 
-0.93012086 -0.32035115 
-0.93322326 -0.31101628 
-0.93623199 -0.30165139 
-0.93914675 -0.29225744 
-0.94196727 -0.28283535 
-0.94469328 -0.27338609 
-0.9473245 -0.26391059 
-0.9498607 -0.25440981 
-0.95230162 -0.2448847 
-0.95464704 -0.23533622 
-0.95689674 -0.22576532 
-0.95905049 -0.21617296 
-0.96110809 -0.2065601 
-0.96306935 -0.19692771 
-0.96493409 -0.18727676 
-0.96670212 -0.1776082 
-0.96837329 -0.16792302 
-0.96994744 -0.15822217 
-0.97142442 -0.14850664 
-0.97280409 -0.13877738 
-0.97408634 -0.12903539 
-0.97527103 -0.11928163 
-0.97635807 -0.10951709 
-0.97734736 -0.099742726 
-0.97823881 -0.089959534 
-0.97903234 -0.080168488 
-0.97972789 -0.070370569 
-0.98032539 -0.060566756 
-0.9808248 -0.05075803 
-0.98122608 -0.040945374 
-0.9815292 -0.031129768 
-0.98173414 -0.021312194 
-0.98184089 -0.011493635 
-0.98184946 -0.0016750718 
-0.98175985 0.0081425134 
-0.98157209 0.017958139 
-0.9812862 0.027770824 
-0.98090223 0.037579588 
-0.98042022 0.04738345 
-0.97984024 0.05718143 
-0.97916235 0.06697255 
-0.97838664 0.076755831 
-0.97751318 0.086530296 
-0.97654209 0.096294969 
-0.97547347 0.10604887 
-0.97430743 0.11579104 
-0.97304411 0.12552049 
-0.97168364 0.13523625 
-0.97022617 0.14493736 
-0.96867187 0.15462284 
-0.96702088 0.16429174 
-0.9652734 0.17394307 
-0.9634296 0.18357589 
-0.96148968 0.19318923 
-0.95945385 0.20278214 
-0.95732233 0.21235364 
-0.95509533 0.2219028 
-0.95277309 0.23142865 
-0.95035585 0.24093026 
-0.94784387 0.25040666 
-0.94523741 0.25985692 
-0.94253674 0.2692801 
-0.93974214 0.27867525 
-0.93685391 0.28804144 
-0.93387233 0.29737774 
-0.93079772 0.30668321 
-0.92763041 0.31595693 
-0.92437071 0.32519798 
-0.92101896 0.33440544 
-0.91757551 0.34357838 
-0.91404071 0.3527159 
-0.91041493 0.36181708 
-0.90669855 0.37088103 
-0.90289193 0.37990683 
-0.89899548 0.3888936 
-0.8950096 0.39784043 
-0.89093469 0.40674643 
-0.88677117 0.41561073 
-0.88251947 0.42443244 
-0.87818002 0.43321068 
-0.87375326 0.44194457 
-0.86923966 0.45063326 
-0.86463967 0.45927588 
-0.85995377 0.46787157 
-0.85518242 0.47641947 
-0.85032612 0.48491874 
-0.84538536 0.49336852 
-0.84036065 0.501768 
-0.8352525 0.51011632 
-0.83006142 0.51841266 
-0.82478796 0.52665619 
-0.81943264 0.53484611 
-0.81399601 0.54298159 
-0.80847862 0.55106183 
-0.80288104 0.55908602 
-0.79720383 0.56705338 
-0.79144757 0.57496311 
-0.78561285 0.58281442 
-0.77970026 0.59060655 
-0.77371039 0.59833871 
-0.76764385 0.60601014 
-0.76150127 0.61362008 
-0.75528327 0.62116778 
-0.74899047 0.62865249 
-0.74262351 0.63607346 
-0.73618304 0.64342997 
-0.72966971 0.65072129 
-0.72308418 0.65794669 
-0.71642712 0.66510545 
-0.7096992 0.67219688 
-0.7029011 0.67922027 
-0.69603351 0.68617493 
-0.68909713 0.69306016 
-0.68209265 0.6998753 
-0.67502079 0.70661965 
-0.66788226 0.71329257 
-0.66067778 0.71989338 
-0.65340808 0.72642145 
-0.64607389 0.73287611 
-0.63867596 0.73925675 
-0.63121503 0.74556272 
-0.62369186 0.75179341 
-0.6161072 0.7579482 
-0.60846182 0.76402648 
-0.6007565 0.77002767 
-0.592992 0.77595115 
-0.58516912 0.78179636 
-0.57728864 0.78756272 
-0.56935135 0.79324965 
-0.56135806 0.7988566 
-0.55330958 0.80438303 
-0.54520671 0.80982838 
-0.53705026 0.81519212 
-0.52884107 0.82047372 
-0.52057996 0.82567267 
-0.51226776 0.83078845 
-0.50390531 0.83582056 
-0.49549345 0.84076852 
-0.48703303 0.84563183 
-0.47852489 0.85041002 
-0.4699699 0.85510262 
-0.46136892 0.85970917 
-0.4527228 0.86422922 
-0.44403243 0.86866233 
-0.43529868 0.87300807 
-0.42652241 0.877266 
-0.41770453 0.88143573 
-0.4088459 0.88551683 
-0.39994743 0.88950891 
-0.39101 0.89341159 
-0.38203453 0.89722448 
-0.3730219 0.90094721 
-0.36397302 0.90457942 
-0.3548888 0.90812076 
-0.34577016 0.91157089 
-0.33661801 0.91492946 
-0.32743327 0.91819616 
-0.31821686 0.92137067 
-0.30896971 0.92445268 
-0.29969274 0.92744189 
-0.29038689 0.93033803 
-0.28105309 0.9331408 
-0.27169227 0.93584993 
-0.26230538 0.93846518 
-0.25289336 0.94098629 
-0.24345715 0.94341301 
-0.23399769 0.94574512 
-0.22451594 0.94798239 
-0.21501285 0.95012461 
-0.20548937 0.95217158 
-0.19594646 0.95412311 
-0.18638506 0.955979 
-0.17680614 0.95773909 
-0.16721066 0.95940321 
-0.15759958 0.96097121 
-0.14797387 0.96244294 
-0.13833448 0.96381826 
-0.12868238 0.96509705 
-0.11901855 0.96627919 
-0.10934393 0.96736457 
-0.09965952 0.9683531 
-0.089966269 0.96924469 
-0.080265154 0.97003926 
-0.070557144 0.97073675 
-0.060843212 0.97133709 
-0.05112433 0.97184024 
-0.04140147 0.97224615 
-0.031675603 0.9725548 
-0.021947705 0.97276618 
-0.012218746 0.97288026 
-0.002489701 0.97289705 
0.0072384582 0.97281655 
0.016964759 0.9726388 
0.026688229 0.97236381 
0.036407896 0.97199163 
0.046122788 0.97152231 
0.055831936 0.97095589 
0.065534368 0.97029246 
0.075229116 0.96953208 
0.084915211 0.96867486 
0.094591685 0.96772087 
0.10425757 0.96667023 
0.11391191 0.96552306 
0.12355373 0.96427948 
0.13318207 0.96293963 
0.14279597 0.96150365 
0.15239447 0.95997169 
0.16197661 0.95834393 
0.17154144 0.95662054 
0.181088 0.95480169 
0.19061534 0.95288758 
0.20012251 0.95087842 
0.20960856 0.94877442 
0.21907254 0.94657579 
0.22851352 0.94428278 
0.23793054 0.94189561 
0.24732268 0.93941454 
0.25668899 0.93683983 
0.26602854 0.93417174 
0.27534041 0.93141056 
0.28462365 0.92855657 
0.29387736 0.92561007 
0.3031006 0.92257136 
0.31229245 0.91944075 
0.32145201 0.91621858 
0.33057836 0.91290517 
0.33967059 0.90950087 
0.34872779 0.90600602 
0.35774907 0.90242099 
0.36673352 0.89874614 
0.37568026 0.89498186 
0.38458839 0.89112853 
0.39345703 0.88718655 
0.40228529 0.88315631 
0.41107229 0.87903824 
0.41981717 0.87483275 
0.42851905 0.87054028 
0.43717707 0.86616127 
0.44579036 0.86169616 
0.45435808 0.85714541 
0.46287936 0.85250949 
0.47135337 0.84778886 
0.47977926 0.84298402 
0.48815619 0.83809545 
0.49648334 0.83312364 
0.50475987 0.82806912 
0.51298496 0.82293238 
0.5211578 0.81771396 
0.52927758 0.81241438 
0.53734349 0.80703419 
0.54535473 0.80157394 
0.55331051 0.79603417 
0.56121003 0.79041545 
0.56905251 0.78471835 
0.57683718 0.77894346 
0.58456327 0.77309135 
0.59223 0.76716262 
0.59983662 0.76115788 
0.60738238 0.75507773 
0.61486653 0.74892279 
0.62228832 0.74269368 
0.62964702 0.73639104 
0.63694191 0.7300155 
0.64417226 0.72356771 
0.65133736 0.71704833 
0.65843649 0.71045801 
0.66546896 0.70379742 
0.67243406 0.69706723 
0.67933112 0.69026813 
0.68615945 0.6834008 
0.69291837 0.67646594 
0.69960722 0.66946425 
0.70622534 0.66239644 
0.71277207 0.65526322 
0.71924676 0.64806531 
0.72564878 0.64080344 
0.7319775 0.63347834 
0.73823229 0.62609076 
0.74441254 0.61864144 
0.75051763 0.61113113 
0.75654696 0.60356059 
0.76249995 0.59593058 
0.768376 0.58824188 
0.77417453 0.58049525 
0.77989498 0.57269148 
0.78553678 0.56483137 
0.79109937 0.55691569 
0.79658222 0.54894525 
0.80198477 0.54092085 
0.80730651 0.5328433 
0.8125469 0.52471341 
0.81770543 0.51653201 
0.8227816 0.50829991 
0.82777491 0.50001795 
0.83268487 0.49168695 
0.837511 0.48330777 
0.84225282 0.47488124 
0.84690987 0.4664082 
0.85148169 0.45788952 
0.85596784 0.44932605 
0.86036788 0.44071865 
0.86468138 0.43206819 
0.86890792 0.42337554 
0.87304708 0.41464156 
0.87709847 0.40586715 
0.88106168 0.39705317 
0.88493633 0.38820052 
0.88872205 0.37931009 
0.89241846 0.37038277 
0.89602521 0.36141946 
0.89954194 0.35242105 
0.90296832 0.34338846 
0.90630401 0.33432258 
0.90954869 0.32522433 
0.91270205 0.31609463 
0.91576378 0.30693438 
0.91873359 0.29774451 
0.92161118 0.28852595 
0.92439629 0.2792796 
0.92708864 0.27000642 
0.92968798 0.26070731 
0.93219406 0.25138322 
0.93460664 0.24203509 
0.93692548 0.23266384 
0.93915037 0.22327043 
0.9412811 0.21385578 
0.94331746 0.20442085 
0.94525925 0.19496658 
0.94710631 0.18549392 
0.94885845 0.17600382 
0.95051551 0.16649722 
0.95207734 0.15697509 
0.95354378 0.14743837 
0.95491471 0.13788802 
0.95619 0.12832499 
0.95736953 0.11875026 
0.9584532 0.10916476 
0.9594409 0.099569469 
0.96033256 0.08996534 
0.96112809 0.080353337 
0.96182742 0.070734419 
0.9624305 0.061109552 
0.96293727 0.051479697 
0.96334771 0.041845817 
0.96366177 0.032208878 
0.96387943 0.022569842 
0.9640007 0.012929673 
0.96402556 0.0032893368 
0.96395402 -0.0063502041 
0.96378611 -0.015987986 
0.96352185 -0.025623044 
0.96316128 -0.035254416 
0.96270444 -0.04488114 
0.9621514 -0.054502254 
0.96150221 -0.064116795 
0.96075696 -0.073723803 
0.95991574 -0.08332232 
0.95897863 -0.092911385 
0.95794574 -0.10249004 
0.95681718 -0.11205733 
0.95559309 -0.1216123 
0.95427359 -0.131154 
0.95285883 -0.14068147 
0.95134895 -0.15019376 
0.94974413 -0.15968992 
0.94804453 -0.16916901 
0.94625033 -0.17863008 
0.94436173 -0.18807218 
0.94237892 -0.19749438 
0.94030212 -0.20689573 
0.93813154 -0.21627529 
0.9358674 -0.22563214 
0.93350996 -0.23496533 
0.93105945 -0.24427394 
0.92851612 -0.25355704 
0.92588026 -0.2628137 
0.92315212 -0.27204301 
0.92033199 -0.28124404 
0.91742017 -0.29041587 
0.91441696 -0.29955759 
0.91132267 -0.3086683 
0.90813761 -0.31774708 
0.90486212 -0.32679302 
0.90149654 -0.33580524 
0.89804121 -0.34478283 
0.89449648 -0.3537249 
0.89086273 -0.36263055 
0.88714033 -0.37149891 
0.88332966 -0.38032908 
0.8794311 -0.3891202 
0.87544507 -0.39787139 
0.87137197 -0.40658177 
0.86721222 -0.41525048 
0.86296623 -0.42387665 
0.85863446 -0.43245944 
0.85421734 -0.44099799 
0.84971532 -0.44949144 
0.84512886 -0.45793896 
0.84045843 -0.46633971 
0.83570451 -0.47469284 
0.83086759 -0.48299754 
0.82594815 -0.49125297 
0.82094669 -0.49945832 
0.81586374 -0.50761278 
0.8106998 -0.51571552 
0.8054554 -0.52376575 
0.80013108 -0.53176268 
0.79472737 -0.5397055 
0.78924483 -0.54759343 
0.78368401 -0.55542568 
0.77804548 -0.56320149 
0.77232981 -0.57092007 
0.76653758 -0.57858067 
0.76066939 -0.58618252 
0.75472582 -0.59372487 
0.74870747 -0.60120698 
0.74261497 -0.6086281 
0.73644892 -0.61598749 
0.73020996 -0.62328444 
0.72389871 -0.63051821 
0.71751581 -0.6376881 
0.71106192 -0.64479338 
0.70453768 -0.65183336 
0.69794375 -0.65880735 
0.69128081 -0.66571465 
0.68454952 -0.67255458 
0.67775057 -0.67932646 
0.67088464 -0.68602963 
0.66395244 -0.69266342 
0.65695465 -0.69922717 
0.649892 -0.70572025 
0.64276518 -0.712142 
0.63557492 -0.7184918 
0.62832196 -0.72476901 
0.62100701 -0.73097302 
0.61363083 -0.73710322 
0.60619414 -0.74315901 
0.59869771 -0.74913977 
0.5911423 -0.75504494 
0.58352865 -0.76087392 
0.57585755 -0.76662613 
0.56812976 -0.77230103 
0.56034607 -0.77789804 
0.55250725 -0.78341661 
0.54461411 -0.78885621 
0.53666743 -0.79421629 
0.52866802 -0.79949634 
0.52061668 -0.80469583 
0.51251422 -0.80981425 
0.50436146 -0.81485111 
0.49615922 -0.81980589 
0.48790833 -0.82467813 
0.47960961 -0.82946734 
0.4712639 -0.83417306 
0.46287205 -0.83879481 
0.4544349 -0.84333216 
0.44595329 -0.84778465 
0.43742808 -0.85215185 
0.42886012 -0.85643334 
0.42025028 -0.8606287 
0.41159943 -0.86473751 
0.40290843 -0.86875937 
0.39417816 -0.87269391 
0.38540949 -0.87654072 
0.37660331 -0.88029944 
0.3677605 -0.88396969 
0.35888195 -0.88755114 
0.34996855 -0.89104342 
0.34102119 -0.89444619 
0.33204079 -0.89775914 
0.32302822 -0.90098193 
0.31398441 -0.90411426 
0.30491027 -0.90715582 
0.29580669 -0.91010632 
0.28667459 -0.91296547 
0.2775149 -0.915733 
0.26832852 -0.91840865 
0.25911639 -0.92099215 
0.24987943 -0.92348327 
0.24061855 -0.92588175 
0.2313347 -0.92818737 
0.2220288 -0.93039992 
0.21270178 -0.93251918 
0.20335459 -0.93454495 
0.19398815 -0.93647704 
0.1846034 -0.93831526 
0.1752013 -0.94005945 
0.16578277 -0.94170944 
0.15634876 -0.94326507 
0.14690022 -0.94472621 
0.1374381 -0.94609272 
0.12796334 -0.94736446 
0.11847688 -0.94854133 
0.10897969 -0.94962322 
0.099472707 -0.95061003 
0.089956887 -0.95150168 
0.080433183 -0.95229808 
0.070902548 -0.95299917 
0.061365935 -0.95360488 
0.051824298 -0.95411518 
0.042278593 -0.95453001 
0.032729773 -0.95484935 
0.023178795 -0.95507318 
0.013626614 -0.95520149 
0.0040741841 -0.95523427 
-0.0054775387 -0.95517154 
-0.0150276 -0.9550133 
-0.024575044 -0.95475959 
-0.034118917 -0.95441045 
-0.043658265 -0.95396591 
-0.053192135 -0.95342604 
-0.062719575 -0.9527909 
-0.072239631 -0.95206057 
-0.081751354 -0.95123512 
-0.091253793 -0.95031466 
-0.100746 -0.94929928 
-0.11022702 -0.94818911 
-0.11969592 -0.94698425 
-0.12915175 -0.94568484 
-0.13859355 -0.94429103 
-0.1480204 -0.94280296 
-0.15743135 -0.9412208 
-0.16682546 -0.9395447 
-0.17620179 -0.93777486 
-0.18555941 -0.93591146 
-0.19489739 -0.93395469 
-0.20421478 -0.93190476 
-0.21351068 -0.9297619 
-0.22278413 -0.92752631 
-0.23203423 -0.92519825 
-0.24126005 -0.92277794 
-0.25046067 -0.92026565 
-0.25963518 -0.91766164 
-0.26878265 -0.91496617 
-0.27790218 -0.91217954 
-0.28699286 -0.90930201 
-0.29605378 -0.90633391 
-0.30508405 -0.90327552 
-0.31408275 -0.90012718 
-0.323049 -0.89688919 
-0.3319819 -0.89356191 
-0.34088057 -0.89014567 
-0.34974411 -0.88664082 
-0.35857165 -0.88304772 
-0.3673623 -0.87936675 
-0.3761152 -0.87559828 
-0.38482947 -0.8717427 
-0.39350424 -0.8678004 
-0.40213866 -0.8637718 
-0.41073185 -0.85965729 
-0.41928298 -0.85545731 
-0.42779119 -0.85117228 
-0.43625562 -0.84680264 
-0.44467545 -0.84234884 
-0.45304984 -0.83781134 
-0.46137795 -0.83319059 
-0.46965895 -0.82848707 
-0.47789202 -0.82370126 
-0.48607636 -0.81883365 
-0.49421113 -0.81388472 
-0.50229554 -0.808855 
-0.51032878 -0.80374499 
-0.51831006 -0.7985552 
-0.52623858 -0.79328618 
-0.53411355 -0.78793844 
-0.54193421 -0.78251255 
-0.54969976 -0.77700905 
-0.55740944 -0.77142849 
-0.56506249 -0.76577146 
-0.57265815 -0.76003851 
-0.58019566 -0.75423024 
-0.58767427 -0.74834722 
-0.59509325 -0.74239007 
-0.60245187 -0.73635938 
-0.60974939 -0.73025577 
-0.61698508 -0.72407985 
-0.62415824 -0.71783225 
-0.63126816 -0.7115136 
-0.63831412 -0.70512455 
-0.64529544 -0.69866574 
-0.65221142 -0.69213782 
-0.65906138 -0.68554146 
-0.66584465 -0.67887732 
-0.67256054 -0.67214607 
-0.6792084 -0.66534841 
-0.68578757 -0.65848501 
-0.69229741 -0.65155656 
-0.69873726 -0.64456378 
-0.70510649 -0.63750736 
-0.71140448 -0.63038803 
-0.71763059 -0.62320649 
-0.72378423 -0.61596347 
-0.72986478 -0.60865971 
-0.73587164 -0.60129594 
-0.74180422 -0.59387291 
-0.74766194 -0.58639136 
-0.75344421 -0.57885205 
-0.75915047 -0.57125575 
-0.76478016 -0.56360321 
-0.77033273 -0.5558952 
-0.77580762 -0.54813252 
-0.7812043 -0.54031593 
-0.78652223 -0.53244622 
-0.79176091 -0.5245242 
-0.7969198 -0.51655065 
-0.80199841 -0.50852639 
-0.80699624 -0.50045221 
-0.81191279 -0.49232893 
-0.81674758 -0.48415738 
-0.82150014 -0.47593836 
-0.82617001 -0.46767272 
-0.83075673 -0.45936128 
-0.83525984 -0.45100488 
-0.83967891 -0.44260435 
-0.84401351 -0.43416055 
-0.84826321 -0.42567432 
-0.85242759 -0.41714653 
-0.85650626 -0.40857801 
-0.8604988 -0.39996964 
-0.86440484 -0.39132228 
-0.868224 -0.38263681 
-0.87195589 -0.37391408 
-0.87560017 -0.36515499 
-0.87915646 -0.35636041 
-0.88262444 -0.34753122 
-0.88600376 -0.33866831 
-0.88929409 -0.32977257 
-0.89249512 -0.3208449 
-0.89560654 -0.31188618 
-0.89862804 -0.30289733 
-0.90155933 -0.29387923 
-0.90440014 -0.28483281 
-0.90715019 -0.27575896 
-0.9098092 -0.26665859 
-0.91237694 -0.25753263 
-0.91485315 -0.24838198 
-0.9172376 -0.23920755 
-0.91953005 -0.23001029 
-0.92173029 -0.22079109 
-0.92383811 -0.2115509 
-0.92585332 -0.20229063 
-0.92777571 -0.19301121 
-0.92960511 -0.18371358 
-0.93134134 -0.17439866 
-0.93298425 -0.16506739 
-0.93453368 -0.1557207 
-0.93598948 -0.14635953 
-0.93735152 -0.13698483 
-0.93861968 -0.12759751 
-0.93979385 -0.11819854 
-0.9408739 -0.10878884 
-0.94185975 -0.099369362 
-0.94275131 -0.089941047 
-0.9435485 -0.080504839 
-0.94425125 -0.071061682 
-0.9448595 -0.061612521 
-0.94537321 -0.052158301 
-0.94579233 -0.04269997 
-0.94611683 -0.033238472 
-0.9463467 -0.023774754 
-0.94648191 -0.014309763 
-0.94652247 -0.0048444456 
-0.94646837 0.0046202522 
-0.94631965 0.014083384 
-0.94607633 0.023544004 
-0.94573843 0.033001166 
-0.94530601 0.042453924 
-0.94477913 0.051901336 
-0.94415783 0.061342455 
-0.9434422 0.07077634 
-0.94263232 0.080202047 
-0.94172828 0.089618635 
-0.94073018 0.099025164 
-0.93963814 0.10842069 
-0.93845227 0.11780429 
-0.9371727 0.12717501 
-0.93579958 0.13653192 
-0.93433304 0.14587408 
-0.93277326 0.15520057 
-0.93112038 0.16451046 
-0.9293746 0.17380281 
-0.92753609 0.18307669 
-0.92560506 0.19233119 
-0.92358169 0.20156538 
-0.92146622 0.21077834 
-0.91925886 0.21996915 
-0.91695983 0.22913689 
-0.91456939 0.23828064 
-0.91208778 0.24739951 
-0.90951526 0.25649258 
-0.9068521 0.26555894 
-0.90409858 0.27459768 
-0.90125497 0.28360792 
-0.89832158 0.29258875 
-0.89529871 0.30153927 
-0.89218667 0.3104586 
-0.88898579 0.31934585 
-0.88569639 0.32820012 
-0.88231881 0.33702055 
-0.8788534 0.34580625 
-0.87530053 0.35455635 
-0.87166054 0.36326998 
-0.86793383 0.37194627 
-0.86412076 0.38058435 
-0.86022174 0.38918337 
-0.85623715 0.39774248 
-0.85216742 0.40626081 
-0.84801296 0.41473753 
-0.84377418 0.4231718 
-0.83945154 0.43156276 
-0.83504546 0.4399096 
-0.8305564 0.44821147 
-0.82598481 0.45646756 
-0.82133117 0.46467705 
-0.81659595 0.47283911 
-0.81177963 0.48095294 
-0.8068827 0.48901774 
-0.80190566 0.4970327 
-0.79684902 0.50499703 
