100
0 0 
0.001 2.4519045 
0.002 2.5576824 
0.003 2.6573005 
0.004 2.6822012 
0.005 2.7552843 
0.006 2.7573509 
0.007 2.767268 
0.008 2.8121074 
0.009 2.8114568 
0.01 2.8190068 
0.011 2.8101564 
0.012 2.8095066 
0.013 2.8194592 
0.014 2.7868995 
0.015 2.8098988 
0.016 2.7536285 
0.017 2.818018 
0.018 2.8105073 
0.019 2.8089638 
0.02 2.7986389 
0.021 2.6771886 
0.022 2.8089666 
0.023 2.8087208 
0.024 2.8081928 
0.025 2.6840169 
0.026 2.7881508 
0.027 2.8024435 
0.028 2.7962975 
0.029 2.8067441 
0.03 2.7671163 
0.031 2.6436563 
0.032 2.7499019 
0.033 2.8046824 
0.034 2.7954207 
0.035 2.788715 
0.036 2.8037289 
0.037 2.7888058 
0.038 2.7780749 
0.039 2.782947 
0.04 2.7900341 
0.041 2.7723125 
0.042 2.7060987 
0.043 2.8089077 
0.044 2.8006683 
0.045 2.7984184 
0.046 2.7874234 
0.047 2.7557818 
0.048 2.7465782 
0.049 2.7698292 
0.05 2.6623458 
0.051 2.7882606 
0.052 2.7669256 
0.053 2.786873 
0.054 2.7869815 
0.055 2.7893791 
0.056 2.765535 
0.057 2.7937667 
0.058 2.7517044 
0.059 2.7116925 
0.06 2.7447915 
0.061 2.80503 
0.062 2.7029343 
0.063 2.6730441 
0.064 2.7124938 
0.065 2.6998271 
0.066 2.7925635 
0.067 2.7643052 
0.068 2.7533497 
0.069 2.683157 
0.07 2.7512291 
0.071 2.7065161 
0.072 2.7905294 
0.073 2.7999058 
0.074 2.7773668 
0.075 2.6263089 
0.076 2.7173506 
0.077 2.7063929 
0.078 2.7676134 
0.079 2.7249673 
0.08 2.7395431 
0.081 2.7841268 
0.082 2.7282724 
0.083 2.7057217 
0.084 2.6573712 
0.085 2.7354445 
0.086 2.7270565 
0.087 2.7385915 
0.088 2.7846156 
0.089 2.7094066 
0.09 2.7373366 
0.091 2.7536842 
0.092 2.7683836 
0.093 2.6446775 
0.094 2.7056642 
0.095 2.779088 
0.096 2.7361353 
0.097 2.6458014 
0.098 2.7369048 
0.099 2.7807719 
