100
0 1 
0.1 1 
0.2 1 
0.3 1 
0.4 1 
0.5 1 
0.6 1 
0.7 1 
0.8 1 
0.9 1 
1 1 
1.1 1 
1.2 1 
1.3 1 
1.4 4.2351647e-22 
1.5 8.0779357e-28 
1.6 1.5777218e-30 
1.7 1.5777218e-30 
1.8 1.5777218e-30 
1.9 1.5777218e-30 
2 1.5777218e-30 
2.1 1.5777218e-30 
2.2 1.5777218e-30 
2.3 1.5777218e-30 
2.4 1.5777218e-30 
2.5 1.5777218e-30 
2.6 1.5777218e-30 
2.7 1.5777218e-30 
2.8 1.5777218e-30 
2.9 1.5777218e-30 
3 1.5777218e-30 
3.1 1.5777218e-30 
3.2 1.5777218e-30 
3.3 1.5777218e-30 
3.4 7.8886091e-31 
3.5 7.8886091e-31 
3.6 7.8886091e-31 
3.7 7.8886091e-31 
3.8 7.8886091e-31 
3.9 7.8886091e-31 
4 7.8886091e-31 
4.1 7.8886091e-31 
4.2 7.8886091e-31 
4.3 7.8886091e-31 
4.4 7.8886091e-31 
4.5 7.8886091e-31 
4.6 7.8886091e-31 
4.7 7.8886091e-31 
4.8 3.9443045e-31 
4.9 3.9443045e-31 
5 3.9443045e-31 
5.1 3.9443045e-31 
5.2 3.9443045e-31 
5.3 3.9443045e-31 
5.4 3.9443045e-31 
5.5 3.9443045e-31 
5.6 3.9443045e-31 
5.7 3.9443045e-31 
5.8 3.9443045e-31 
5.9 3.9443045e-31 
6 3.9443045e-31 
6.1 3.9443045e-31 
6.2 3.9443045e-31 
6.3 3.9443045e-31 
6.4 3.9443045e-31 
6.5 3.9443045e-31 
6.6 3.9443045e-31 
6.7 1.9721523e-31 
6.8 1.9721523e-31 
6.9 1.9721523e-31 
7 1.9721523e-31 
7.1 1.9721523e-31 
7.2 1.9721523e-31 
7.3 1.9721523e-31 
7.4 1.9721523e-31 
7.5 1.9721523e-31 
7.6 1.9721523e-31 
7.7 1.9721523e-31 
7.8 1.9721523e-31 
7.9 1.9721523e-31 
8 1.9721523e-31 
8.1 1.9721523e-31 
8.2 1.9721523e-31 
8.3 1.9721523e-31 
8.4 1.9721523e-31 
8.5 1.9721523e-31 
8.6 1.9721523e-31 
8.7 1.9721523e-31 
8.8 1.9721523e-31 
8.9 1.9721523e-31 
9 1.9721523e-31 
9.1 1.9721523e-31 
9.2 1.9721523e-31 
9.3 9.8607613e-32 
9.4 9.8607613e-32 
9.5 9.8607613e-32 
9.6 9.8607613e-32 
9.7 9.8607613e-32 
9.8 9.8607613e-32 
9.9 9.8607613e-32 
