10
9.27795 9.07006 4.97565 7.09656 4.17011 3.79419 6.6564 1.65515 2.7003 6.59156 
2.22045e-16 7.29809 6.40044 5.10248 0.387021 -0.523062 6.86642 0.139202 4.72894 1.35798 
0 0 6.8959 4.06411 0.651633 -1.31991 6.90141 1.88976 4.89057 -0.113864 
0 0 0 2.81041 3.71318 -3.4954 4.18736 -0.241745 7.82469 3.73483 
0 0 0 0 15.0239 2.84716 9.70061 2.73537 13.5686 9.99798 
0 0 0 -2.22045e-16 0 3.24805 -12.9616 0.905089 -10.6383 -1.96935 
0 0 0 0 0 0 3.61657 -2.07837 0.8279 3.86741 
0 0 0 0 0 0 0 5.16748 -0.633189 -0.460658 
-8.88178e-16 0 0 0 0 -8.88178e-16 0 0 -10.339 30.5958 
0 0 0 0 0 0 0 0 0 -39.1886 
