251
1 0.9264 0.8656 0.8176 0.7824 0.76 0.7504 0.7536 0.7696 0.7984 0.84 0.8944 0.9616 1.0416 
1 0.93359184 0.87351836 0.82559175 0.79039917 0.76799992 0.75840001 0.76160016 0.77760155 0.80641534 0.84815185 0.90390318 0.98447992 1 
1 0.93748436 0.88077012 0.8334825 0.79838473 0.77599816 0.76640016 0.76960312 0.78562478 0.81458274 0.85718901 0.9160333 0.97261694 1 
1 0.94096586 0.88657816 0.84094829 0.80628535 0.78398262 0.77440127 0.77762498 0.79374876 0.82311924 0.86618842 0.91630075 0.9775953 1 
1 0.94382337 0.89192111 0.84773115 0.81393635 0.79190868 0.78240391 0.78570006 0.80199658 0.83128883 0.87114299 0.92246109 0.97833307 1 
1 0.94643634 0.89667892 0.85413481 0.82123935 0.79969936 0.79039318 0.79379745 0.80997941 0.83804113 0.87787364 0.92569554 0.98117754 1 
1 0.94878331 0.90111745 0.86010659 0.8282754 0.80731075 0.79830199 0.80172187 0.81742636 0.8451874 0.8830354 0.93021995 0.9829594 1 
1 0.9509701 0.90523119 0.86578213 0.83501868 0.81473527 0.80602451 0.80937935 0.82485562 0.8515398 0.88869536 0.93378444 0.98516982 1 
1 0.95300424 0.90911764 0.87116325 0.84151544 0.82192152 0.81352702 0.81689017 0.83185415 0.85797469 0.89368882 0.93761653 0.98701574 1 
1 0.95492609 0.91279035 0.87630748 0.84775211 0.82887451 0.82082314 0.82411014 0.83875359 0.86396635 0.89873799 0.94104863 0.98893008 1 
1 0.95674515 0.91629008 0.88122141 0.85375417 0.83559233 0.82786817 0.83115082 0.84533308 0.86987407 0.90344134 0.94447946 0.99068102 1 
1 0.95847881 0.91962781 0.88593307 0.85952593 0.84207122 0.83469692 0.83792535 0.85175159 0.87549094 0.9080601 0.94769591 0.99240957 1 
1 0.96013345 0.92282328 0.89045176 0.86507941 0.84832518 0.84128102 0.84449876 0.85791253 0.88096139 0.91245464 0.95083763 0.99404299 1 
1 0.96171782 0.92588508 0.8947921 0.87042514 0.85435147 0.84764782 0.850831 0.86388797 0.88620805 0.91672387 0.95383455 0.99563113 1 
1 0.96323643 0.92882396 0.89896351 0.87557025 0.86016472 0.85378515 0.85695687 0.86964039 0.89129078 0.92082003 0.95673908 0.99715074 1 
1 0.96469427 0.93164689 0.90297491 0.88052537 0.86576584 0.85971139 0.8628617 0.87520351 0.89618283 0.92478309 0.95952871 0.99862092 1 
1 0.96609482 0.93436062 0.90683461 0.88529644 0.87116677 0.86542418 0.86856492 0.8805654 0.900911 0.9285982 0.96222489 1.0000347 1 
1 0.96744133 0.93697082 0.91054916 0.88989258 0.87637112 0.87093617 0.87406381 0.88574356 0.90546813 0.93228332 0.96482149 1.0014001 1 
1 0.96873657 0.93948241 0.91412555 0.89431951 0.88138844 0.87624987 0.87937054 0.89073663 0.90986797 0.9358355 0.9673285 1.0027158 1 
1 0.96998297 0.94190007 0.91756926 0.89858489 0.88622371 0.88137472 0.8844876 0.89555524 0.91411079 0.93926421 0.96974549 1.0039857 1 
1 0.97118281 0.94422779 0.92088619 0.90269429 0.89088481 0.88631538 0.88942375 0.90020224 0.91820509 0.94257083 0.97207805 1.0052102 1 
1 0.97233807 0.94646953 0.92408121 0.90665425 0.89537724 0.8910795 0.89418353 0.90468528 0.9221539 0.94576142 0.97432774 1.0063918 1 
1 0.97345068 0.94862872 0.92715939 0.9104701 0.89970776 0.89567249 0.89877403 0.90900872 0.92596343 0.94883883 0.97649834 1.0075316 1 
1 0.97452237 0.95070878 0.93012516 0.91414757 0.90388189 0.90010095 0.90320046 0.9131788 0.92963767 0.95180768 0.97859204 1.0086312 1 
1 0.97555479 0.95271279 0.93298299 0.91769168 0.90790561 0.90437039 0.90746897 0.91720032 0.93318175 0.95467124 0.98061185 1.0096918 1 
1 0.97654949 0.95464375 0.93573692 0.92110756 0.91178426 0.90848674 0.91158484 0.92107876 0.93659984 0.95743343 0.98256008 1.010715 1 
1 0.97750795 0.95650445 0.93839096 0.92439989 0.91552324 0.91245532 0.91555362 0.92481889 0.93989652 0.96009756 0.98443935 1.011702 1 
1 0.97843154 0.9582976 0.94094883 0.92757332 0.91912757 0.91628154 0.91938041 0.92842568 0.94307586 0.96266713 0.98625194 1.012654 1 
1 0.97932161 0.96002573 0.94341416 0.9306322 0.92260221 0.91997044 0.92307031 0.93190374 0.94614203 0.96514534 0.98800021 1.0135722 1 
1 0.98017942 0.96169129 0.94579038 0.93358077 0.92595183 0.923527 0.92662814 0.93525764 0.94909894 0.96753543 0.98968636 1.0144579 1 
1 0.98100618 0.96329661 0.94808079 0.93642306 0.92918101 0.92695595 0.93005863 0.93849174 0.95195045 0.96984042 0.99131257 1.015312 1 
1 0.98180304 0.96484395 0.95028856 0.93916299 0.93229409 0.93026189 0.93336629 0.94161028 0.95470022 0.97206332 0.9928809 1.0161358 1 
1 0.98257112 0.96633543 0.95241674 0.94180427 0.9352953 0.93344924 0.93655553 0.94461735 0.95735187 0.97420698 0.99439339 1.0169303 1 
1 0.98331148 0.96777312 0.95446824 0.94435051 0.93818868 0.93652226 0.93963055 0.9475169 0.95990884 0.97627419 0.99585198 1.0176965 1 
1 0.98402515 0.96915899 0.95644587 0.94680517 0.94097813 0.93948505 0.94259544 0.95031275 0.96237447 0.97826763 0.99725857 1.0184354 1 
1 0.98471309 0.97049495 0.95835232 0.94917157 0.9436674 0.94234158 0.94545413 0.95300858 0.964752 0.98018991 0.99861497 1.0191479 1 
1 0.98537626 0.97178281 0.96019018 0.95145292 0.94626012 0.94509567 0.94821043 0.95560795 0.96704455 0.98204354 0.99992297 1.019835 1 
1 0.98601556 0.97302433 0.96196195 0.95365229 0.94875976 0.94775099 0.95086798 0.9581143 0.96925512 0.98383095 1.0011843 1.0204976 1 
1 0.98663185 0.97422119 0.96367003 0.95577266 0.95116969 0.9503111 0.95343032 0.96053094 0.97138664 0.98555447 1.0024005 1.0211365 1 
1 0.98722598 0.97537502 0.96531673 0.95781687 0.95349313 0.9527794 0.95590086 0.96286106 0.9734419 0.98721637 1.0035733 1.0217526 1 
1 0.98779875 0.97648738 0.96690427 0.95978769 0.9557332 0.9551592 0.95828288 0.96510776 0.97542363 0.98881885 1.0047041 1.0223467 1 
1 0.98835093 0.97755978 0.96843478 0.96168775 0.9578929 0.95745368 0.96057955 0.96727401 0.97733444 0.99036401 1.0057946 1.0229195 1 
1 0.98888328 0.97859365 0.96991034 0.96351962 0.95997512 0.95966589 0.96279393 0.96936268 0.97917686 0.99185388 1.006846 1.0234719 1 
1 0.9893965 0.97959039 0.97133292 0.96528574 0.96198265 0.96179878 0.96492896 0.97137654 0.98095332 0.99329044 1.0078598 1.0240045 1 
1 0.98989129 0.98055134 0.97270444 0.96698849 0.96391818 0.96385521 0.96698748 0.97331828 0.98266618 0.99467559 1.0088373 1.024518 1 
1 0.99036832 0.98147779 0.97402673 0.96863015 0.96578429 0.96583792 0.96897223 0.97519046 0.98431771 0.99601116 1.0097799 1.0250132 1 
1 0.99082822 0.982371 0.97530157 0.97021291 0.96758347 0.96774954 0.97088586 0.97699557 0.9859101 0.99729891 1.0106887 1.0254906 1 
1 0.99127161 0.98323214 0.97653067 0.97173889 0.96931813 0.96959264 0.97273091 0.97873602 0.98744545 0.99854056 1.011565 1.025951 1 
1 0.9916991 0.98406239 0.97771567 0.97321015 0.97099059 0.97136966 0.97450984 0.98041411 0.98892582 0.99973774 1.0124099 1.0263949 1 
1 0.99211124 0.98486285 0.97885816 0.97462863 0.97260308 0.97308298 0.97622502 0.98203208 0.99035315 1.000892 1.0132245 1.0268229 1 
1 0.9925086 0.98563459 0.97995967 0.97599624 0.97415776 0.97473489 0.97787872 0.98359208 0.99172936 1.002005 1.01401 1.0272355 1 
1 0.9928917 0.98637865 0.98102168 0.97731481 0.97565669 0.97632758 0.97947316 0.98509617 0.99305626 1.0030781 1.0147674 1.0276334 1 
1 0.99326106 0.98709602 0.98204559 0.97858609 0.97710188 0.97786317 0.98101046 0.98654638 0.99433563 1.0041128 1.0154976 1.028017 1 
1 0.99361717 0.98778766 0.98303279 0.97981179 0.97849526 0.97934373 0.98249266 0.98794462 0.99556916 1.0051104 1.0162017 1.0283869 1 
1 0.99396051 0.98845449 0.98398458 0.98099355 0.97983868 0.98077121 0.98392173 0.98929275 0.99675849 1.0060722 1.0168805 1.0287436 1 
1 0.99429154 0.98909742 0.98490225 0.98213293 0.98113395 0.98214752 0.98529959 0.99059257 0.99790521 1.0069996 1.017535 1.0290875 1 
1 0.9946107 0.98971729 0.98578701 0.98323146 0.98238277 0.9834745 0.98662807 0.99184581 0.99901084 1.0078938 1.0181661 1.029419 1 
1 0.99491841 0.99031493 0.98664005 0.9842906 0.98358683 0.98475391 0.98790893 0.99305414 1.0000768 1.0087559 1.0187746 1.0297387 1 
1 0.99521509 0.99089114 0.9874625 0.98531178 0.98474773 0.98598747 0.98914388 0.99421917 1.0011047 1.0095872 1.0193612 1.0300469 1 
1 0.99550113 0.9914467 0.98825547 0.98629634 0.98586701 0.98717681 0.99033458 0.99534244 1.0020956 1.0103886 1.0199269 1.0303441 1 
1 0.99577691 0.99198233 0.98902001 0.98724561 0.98694617 0.98832351 0.99148259 0.99642545 1.0030511 1.0111613 1.0204723 1.0306306 1 
1 0.99604281 0.99249876 0.98975714 0.98816085 0.98798665 0.98942912 0.99258946 0.99746966 1.0039723 1.0119064 1.0209981 1.0309069 1 
1 0.99629917 0.99299668 0.99046784 0.98904328 0.98898982 0.99049509 0.99365666 0.99847644 1.0048605 1.0126247 1.0215051 1.0311732 1 
1 0.99654635 0.99347675 0.99115307 0.98989408 0.98995704 0.99152286 0.99468561 0.99944713 1.0057169 1.0133173 1.0219939 1.03143 1 
1 0.99678466 0.9939396 0.99181373 0.99071438 0.99088959 0.99251379 0.99567768 1.000383 1.0065426 1.0139851 1.0224652 1.0316776 1 
1 0.99701443 0.99438587 0.99245071 0.99150527 0.99178871 0.9934692 0.99663419 1.0012854 1.0073387 1.014629 1.0229196 1.0319164 1 
1 0.99723596 0.99481614 0.99306485 0.99226781 0.99265561 0.99439036 0.99755642 1.0021554 1.0081063 1.0152497 1.0233578 1.0321466 1 
1 0.99744955 0.99523098 0.99365698 0.99300302 0.99349142 0.99527851 0.99844559 1.0029943 1.0088463 1.0158483 1.0237802 1.0323685 1 
1 0.99765549 0.99563095 0.99422788 0.99371188 0.99429728 0.99613482 0.9993029 1.003803 1.0095598 1.0164253 1.0241875 1.0325825 1 
1 0.99785404 0.99601658 0.99477832 0.99439532 0.99507426 0.99696044 1.0001295 1.0045828 1.0102478 1.0169817 1.0245802 1.0327888 1 
1 0.99804547 0.99638839 0.99530903 0.99505427 0.99582338 0.99775647 1.0009264 1.0053347 1.0109111 1.0175182 1.0249588 1.0329877 1 
1 0.99823005 0.99674688 0.99582071 0.9956896 0.99654566 0.99852397 1.0016948 1.0060596 1.0115506 1.0180354 1.0253238 1.0331795 1 
1 0.998408 0.99709251 0.99631406 0.99630216 0.99724204 0.99926395 1.0024357 1.0067585 1.0121672 1.0185341 1.0256758 1.0333644 1 
1 0.99857958 0.99742575 0.99678972 0.99689276 0.99791346 0.99997742 1.0031499 1.0074323 1.0127617 1.0190149 1.0260152 1.0335427 1 
1 0.99874501 0.99774705 0.99724833 0.99746219 0.99856082 1.0006653 1.0038386 1.008082 1.0133349 1.0194785 1.0263424 1.0337146 1 
1 0.9989045 0.99805683 0.9976905 0.99801121 0.99918497 1.0013285 1.0045026 1.0087085 1.0138876 1.0199255 1.0266578 1.0338803 1 
1 0.99905829 0.99835551 0.99811682 0.99854055 0.99978675 1.001968 1.0051428 1.0093124 1.0144205 1.0203564 1.026962 1.0340401 1 
1 0.99920655 0.99864348 0.99852786 0.99905091 1.000367 1.0025845 1.0057601 1.0098947 1.0149342 1.0207719 1.0272552 1.0341942 1 
1 0.99934951 0.99892113 0.99892417 0.99954299 1.0009264 1.003179 1.0063552 1.0104562 1.0154295 1.0211725 1.027538 1.0343427 1 
1 0.99948734 0.99918883 0.99930627 1.0000174 1.0014657 1.0037521 1.006929 1.0109975 1.0159071 1.0215588 1.0278106 1.034486 1 
1 0.99962023 0.99944694 0.99967468 1.0004749 1.0019858 1.0043047 1.0074823 1.0115194 1.0163676 1.0219312 1.0280734 1.0346241 1 
1 0.99974835 0.99969579 1.0000299 1.0009159 1.0024872 1.0048375 1.0080157 1.0120227 1.0168115 1.0222902 1.0283268 1.0347572 1 
1 0.99987189 0.99993572 1.0003724 1.0013411 1.0029706 1.0053512 1.00853 1.0125078 1.0172396 1.0226364 1.0285712 1.0348856 1 
1 0.99999099 1.000167 1.0007025 1.0017511 1.0034367 1.0058465 1.0090258 1.0129756 1.0176523 1.0229702 1.0288067 1.0350093 1 
1 1.0001058 1.0003901 1.0010209 1.0021464 1.0038861 1.006324 1.0095039 1.0134267 1.0180502 1.023292 1.0290339 1.0351287 1 
1 1.0002165 1.0006051 1.0013279 1.0025275 1.0043193 1.0067844 1.0099649 1.0138615 1.0184339 1.0236023 1.0292529 1.0352437 1 
1 1.0003233 1.0008125 1.0016238 1.002895 1.0047371 1.0072283 1.0104093 1.0142808 1.0188038 1.0239015 1.029464 1.0353546 1 
1 1.0004262 1.0010124 1.0019091 1.0032493 1.0051399 1.0076563 1.0108378 1.014685 1.0191604 1.0241899 1.0296676 1.0354616 1 
1 1.0005255 1.0012051 1.0021843 1.0035909 1.0055282 1.008069 1.0112509 1.0150748 1.0195043 1.024468 1.0298639 1.0355647 1 
1 1.0006211 1.001391 1.0024495 1.0039202 1.0059026 1.0084668 1.0116492 1.0154506 1.0198358 1.0247361 1.0300531 1.0356641 1 
1 1.0007134 1.0015701 1.0027052 1.0042377 1.0062636 1.0088504 1.0120333 1.0158129 1.0201554 1.0249947 1.0302356 1.03576 1 
1 1.0008023 1.0017429 1.0029518 1.0045439 1.0066117 1.0092203 1.0124036 1.0161622 1.0204636 1.0252439 1.0304115 1.0358524 1 
1 1.0008881 1.0019094 1.0031896 1.0048391 1.0069473 1.0095769 1.0127606 1.016499 1.0207608 1.0254842 1.0305811 1.0359415 1 
1 1.0009708 1.00207 1.0034188 1.0051237 1.0072708 1.0099207 1.0131048 1.0168238 1.0210473 1.025716 1.0307447 1.0360275 1 
1 1.0010505 1.0022248 1.0036398 1.0053981 1.0075828 1.0102522 1.0134367 1.0171369 1.0213235 1.0259394 1.0309023 1.0361103 1 
1 1.0011274 1.0023741 1.0038529 1.0056627 1.0078836 1.0105718 1.0137567 1.0174387 1.0215898 1.0261548 1.0310544 1.0361902 1 
1 1.0012015 1.0025181 1.0040583 1.0059178 1.0081736 1.01088 1.0140652 1.0177298 1.0218466 1.0263624 1.0312009 1.0362672 1 
1 1.0012729 1.0026568 1.0042564 1.0061637 1.0084532 1.0111771 1.0143627 1.0180104 1.0220942 1.0265627 1.0313423 1.0363414 1 
1 1.0013418 1.0027906 1.0044474 1.0064008 1.0087228 1.0114636 1.0146495 1.018281 1.0223329 1.0267557 1.0314785 1.036413 1 
1 1.0014082 1.0029196 1.0046315 1.0066295 1.0089827 1.0117398 1.014926 1.0185418 1.0225631 1.0269419 1.0316099 1.036482 1 
1 1.0014723 1.003044 1.004809 1.0068499 1.0092333 1.0120061 1.0151926 1.0187934 1.022785 1.0271213 1.0317365 1.0365486 1 
1 1.001534 1.0031639 1.0049802 1.0070624 1.0094749 1.0122628 1.0154496 1.0190359 1.0229989 1.0272944 1.0318587 1.0366127 1 
1 1.0015935 1.0032796 1.0051452 1.0072674 1.0097079 1.0125103 1.0156975 1.0192697 1.0232052 1.0274612 1.0319764 1.0366746 1 
1 1.0016509 1.003391 1.0053044 1.0074649 1.0099325 1.012749 1.0159364 1.0194951 1.0234041 1.027622 1.0320899 1.0367342 1 
1 1.0017063 1.0034985 1.0054578 1.0076554 1.010149 1.0129791 1.0161668 1.0197125 1.0235958 1.0277771 1.0321994 1.0367918 1 
1 1.0017596 1.0036022 1.0056057 1.0078391 1.0103578 1.013201 1.0163889 1.019922 1.0237807 1.0279267 1.0323049 1.0368472 1 
1 1.0018111 1.0037021 1.0057483 1.0080162 1.0105591 1.0134149 1.0166031 1.0201241 1.023959 1.0280708 1.0324067 1.0369007 1 
1 1.0018607 1.0037984 1.0058858 1.0081869 1.0107532 1.0136212 1.0168096 1.0203189 1.0241308 1.0282098 1.0325048 1.0369522 1 
1 1.0019085 1.0038913 1.0060184 1.0083515 1.0109404 1.0138201 1.0170087 1.0205067 1.0242965 1.0283438 1.0325994 1.0370019 1 
1 1.0019546 1.0039808 1.0061462 1.0085102 1.0111208 1.0140118 1.0172007 1.0206878 1.0244563 1.0284731 1.0326906 1.0370498 1 
1 1.0019991 1.0040672 1.0062695 1.0086632 1.0112948 1.0141966 1.0173857 1.0208624 1.0246103 1.0285976 1.0327785 1.037096 1 
1 1.0020419 1.0041504 1.0063883 1.0088108 1.0114625 1.0143749 1.0175642 1.0210307 1.0247589 1.0287178 1.0328633 1.0371405 1 
1 1.0020832 1.0042307 1.0065029 1.008953 1.0116242 1.0145467 1.0177362 1.021193 1.0249021 1.0288336 1.032945 1.0371835 1 
1 1.0021231 1.0043081 1.0066133 1.0090902 1.0117802 1.0147124 1.0179021 1.0213495 1.0250401 1.0289452 1.0330238 1.0372249 1 
1 1.0021615 1.0043827 1.0067198 1.0092224 1.0119305 1.0148722 1.018062 1.0215004 1.0251732 1.0290529 1.0330998 1.0372648 1 
1 1.0021985 1.0044546 1.0068225 1.0093499 1.0120754 1.0150262 1.0182162 1.0216459 1.0253016 1.0291567 1.0331731 1.0373033 1 
1 1.0022343 1.004524 1.0069215 1.0094728 1.0122152 1.0151747 1.0183649 1.0217861 1.0254253 1.0292568 1.0332437 1.0373404 1 
1 1.0022687 1.0045909 1.007017 1.0095914 1.0123499 1.0153179 1.0185083 1.0219214 1.0255446 1.0293533 1.0333118 1.0373762 1 
1 1.0023019 1.0046553 1.007109 1.0097056 1.0124798 1.0154559 1.0186465 1.0220518 1.0256597 1.0294463 1.0333775 1.0374107 1 
1 1.0023339 1.0047175 1.0071977 1.0098158 1.0126051 1.015589 1.0187797 1.0221775 1.0257706 1.029536 1.0334408 1.0374439 1 
1 1.0023647 1.0047774 1.0072833 1.009922 1.0127259 1.0157173 1.0189082 1.0222987 1.0258775 1.0296225 1.0335018 1.037476 1 
1 1.0023945 1.0048352 1.0073658 1.0100245 1.0128423 1.0158411 1.0190321 1.0224155 1.0259806 1.0297059 1.0335607 1.0375069 1 
1 1.0024232 1.004891 1.0074453 1.0101232 1.0129546 1.0159604 1.0191515 1.0225282 1.02608 1.0297863 1.0336174 1.0375367 1 
1 1.0024509 1.0049447 1.007522 1.0102184 1.0130628 1.0160754 1.0192667 1.0226369 1.0261759 1.0298638 1.0336721 1.0375655 1 
1 1.0024775 1.0049965 1.0075959 1.0103102 1.0131672 1.0161863 1.0193777 1.0227416 1.0262683 1.0299385 1.0337249 1.0375932 1 
1 1.0025032 1.0050464 1.0076672 1.0103987 1.0132678 1.0162932 1.0194847 1.0228426 1.0263574 1.0300106 1.0337757 1.0376199 1 
1 1.002528 1.0050946 1.0077359 1.0104841 1.0133648 1.0163963 1.0195879 1.02294 1.0264433 1.03008 1.0338248 1.0376457 1 
1 1.0025519 1.005141 1.0078022 1.0105663 1.0134583 1.0164957 1.0196874 1.0230338 1.0265261 1.030147 1.033872 1.0376705 1 
1 1.002575 1.0051857 1.0078661 1.0106457 1.0135485 1.0165915 1.0197834 1.0231243 1.0266059 1.0302116 1.0339176 1.0376945 1 
1 1.0025972 1.0052289 1.0079277 1.0107222 1.0136355 1.0166839 1.0198759 1.0232116 1.0266829 1.0302739 1.0339616 1.0377176 1 
1 1.0026186 1.0052705 1.0079871 1.0107959 1.0137193 1.016773 1.0199651 1.0232957 1.0267572 1.0303339 1.0340039 1.0377398 1 
1 1.0026393 1.0053106 1.0080443 1.010867 1.0138001 1.0168589 1.0200511 1.0233769 1.0268287 1.0303918 1.0340448 1.0377613 1 
1 1.0026592 1.0053493 1.0080995 1.0109355 1.0138781 1.0169417 1.020134 1.0234551 1.0268977 1.0304476 1.0340842 1.037782 1 
1 1.0026784 1.0053866 1.0081528 1.0110016 1.0139532 1.0170215 1.0202139 1.0235305 1.0269643 1.0305014 1.0341222 1.0378019 1 
1 1.0026969 1.0054226 1.0082041 1.0110654 1.0140257 1.0170985 1.020291 1.0236032 1.0270284 1.0305533 1.0341588 1.0378212 1 
1 1.0027147 1.0054572 1.0082536 1.0111268 1.0140955 1.0171727 1.0203653 1.0236733 1.0270903 1.0306033 1.0341941 1.0378397 1 
1 1.002732 1.0054907 1.0083013 1.011186 1.0141629 1.0172443 1.0204369 1.0237409 1.0271499 1.0306515 1.0342281 1.0378576 1 
1 1.0027485 1.0055229 1.0083473 1.0112432 1.0142278 1.0173133 1.020506 1.0238061 1.0272074 1.030698 1.0342609 1.0378748 1 
1 1.0027645 1.005554 1.0083916 1.0112982 1.0142904 1.0173798 1.0205726 1.0238689 1.0272628 1.0307429 1.0342926 1.0378915 1 
1 1.00278 1.0055839 1.0084344 1.0113513 1.0143508 1.017444 1.0206368 1.0239295 1.0273163 1.0307861 1.0343231 1.0379075 1 
1 1.0027948 1.0056128 1.0084756 1.0114025 1.0144089 1.0175058 1.0206988 1.0239879 1.0273678 1.0308278 1.0343525 1.0379229 1 
1 1.0028092 1.0056406 1.0085154 1.0114519 1.0144651 1.0175654 1.0207584 1.0240442 1.0274175 1.030868 1.0343809 1.0379378 1 
1 1.002823 1.0056675 1.0085537 1.0114995 1.0145192 1.0176229 1.020816 1.0240985 1.0274654 1.0309067 1.0344082 1.0379522 1 
1 1.0028363 1.0056934 1.0085907 1.0115453 1.0145713 1.0176783 1.0208715 1.0241509 1.0275116 1.0309441 1.0344346 1.0379661 1 
1 1.0028492 1.0057183 1.0086263 1.0115896 1.0146216 1.0177318 1.020925 1.0242013 1.0275561 1.0309801 1.03446 1.0379794 1 
1 1.0028616 1.0057424 1.0086606 1.0116322 1.0146701 1.0177833 1.0209766 1.02425 1.027599 1.0310148 1.0344845 1.0379923 1 
1 1.0028735 1.0057656 1.0086938 1.0116734 1.0147169 1.017833 1.0210263 1.0242969 1.0276404 1.0310483 1.0345081 1.0380047 1 
1 1.002885 1.005788 1.0087257 1.011713 1.0147619 1.0178809 1.0210743 1.0243422 1.0276804 1.0310806 1.0345309 1.0380167 1 
1 1.0028961 1.0058096 1.0087565 1.0117512 1.0148054 1.0179271 1.0211205 1.0243858 1.0277188 1.0311117 1.0345529 1.0380282 1 
1 1.0029069 1.0058304 1.0087862 1.0117881 1.0148473 1.0179716 1.0211651 1.0244278 1.0277559 1.0311417 1.0345741 1.0380393 1 
1 1.0029172 1.0058504 1.0088148 1.0118236 1.0148877 1.0180145 1.0212081 1.0244684 1.0277917 1.0311706 1.0345945 1.0380501 1 
1 1.0029271 1.0058697 1.0088424 1.0118579 1.0149266 1.0180559 1.0212495 1.0245075 1.0278262 1.0311985 1.0346142 1.0380604 1 
1 1.0029367 1.0058884 1.008869 1.0118909 1.0149642 1.0180958 1.0212895 1.0245452 1.0278595 1.0312254 1.0346332 1.0380704 1 
1 1.002946 1.0059063 1.0088946 1.0119228 1.0150004 1.0181343 1.021328 1.0245815 1.0278915 1.0312513 1.0346515 1.03808 1 
1 1.0029549 1.0059237 1.0089194 1.0119535 1.0150353 1.0181714 1.0213651 1.0246166 1.0279224 1.0312763 1.0346691 1.0380893 1 
1 1.0029635 1.0059404 1.0089432 1.0119831 1.015069 1.0182072 1.0214009 1.0246503 1.0279522 1.0313005 1.0346861 1.0380982 1 
1 1.0029718 1.0059565 1.0089662 1.0120116 1.0151014 1.0182417 1.0214355 1.0246829 1.027981 1.0313237 1.0347025 1.0381068 1 
1 1.0029798 1.005972 1.0089884 1.0120392 1.0151327 1.0182749 1.0214688 1.0247143 1.0280087 1.0313461 1.0347183 1.0381151 1 
1 1.0029875 1.005987 1.0090097 1.0120657 1.0151629 1.018307 1.0215008 1.0247446 1.0280354 1.0313677 1.0347336 1.0381232 1 
1 1.0029949 1.0060014 1.0090303 1.0120913 1.015192 1.0183379 1.0215318 1.0247738 1.0280612 1.0313885 1.0347483 1.0381309 1 
1 1.0030021 1.0060153 1.0090502 1.012116 1.01522 1.0183677 1.0215616 1.0248019 1.028086 1.0314086 1.0347625 1.0381383 1 
1 1.003009 1.0060288 1.0090694 1.0121397 1.0152471 1.0183964 1.0215904 1.0248291 1.0281099 1.031428 1.0347761 1.0381455 1 
1 1.0030157 1.0060417 1.0090878 1.0121627 1.0152731 1.0184241 1.0216181 1.0248552 1.028133 1.0314467 1.0347893 1.0381524 1 
1 1.0030221 1.0060542 1.0091056 1.0121848 1.0152983 1.0184508 1.0216449 1.0248805 1.0281553 1.0314647 1.034802 1.0381591 1 
1 1.0030283 1.0060662 1.0091228 1.0122061 1.0153225 1.0184766 1.0216707 1.0249048 1.0281767 1.031482 1.0348143 1.0381655 1 
1 1.0030343 1.0060778 1.0091394 1.0122267 1.0153459 1.0185014 1.0216955 1.0249282 1.0281974 1.0314987 1.0348261 1.0381717 1 
1 1.00304 1.006089 1.0091553 1.0122465 1.0153684 1.0185253 1.0217195 1.0249509 1.0282174 1.0315149 1.0348375 1.0381777 1 
1 1.0030456 1.0060998 1.0091707 1.0122656 1.0153901 1.0185484 1.0217426 1.0249727 1.0282366 1.0315304 1.0348484 1.0381835 1 
1 1.0030509 1.0061102 1.0091856 1.012284 1.0154111 1.0185707 1.0217649 1.0249937 1.0282552 1.0315454 1.034859 1.0381891 1 
1 1.0030561 1.0061202 1.0091999 1.0123018 1.0154313 1.0185921 1.0217864 1.0250139 1.028273 1.0315599 1.0348692 1.0381944 1 
1 1.0030611 1.0061299 1.0092137 1.0123189 1.0154507 1.0186128 1.0218071 1.0250335 1.0282903 1.0315738 1.0348791 1.0381996 1 
1 1.0030659 1.0061392 1.009227 1.0123354 1.0154695 1.0186328 1.021827 1.0250523 1.0283069 1.0315873 1.0348886 1.0382046 1 
1 1.0030705 1.0061481 1.0092398 1.0123513 1.0154876 1.018652 1.0218463 1.0250705 1.0283229 1.0316002 1.0348977 1.0382094 1 
1 1.0030749 1.0061568 1.0092521 1.0123667 1.0155051 1.0186705 1.0218649 1.025088 1.0283384 1.0316127 1.0349065 1.038214 1 
1 1.0030792 1.0061652 1.0092641 1.0123815 1.0155219 1.0186884 1.0218828 1.0251049 1.0283533 1.0316248 1.034915 1.0382185 1 
1 1.0030834 1.0061732 1.0092755 1.0123957 1.0155381 1.0187057 1.0219 1.0251212 1.0283676 1.0316364 1.0349232 1.0382228 1 
1 1.0030874 1.006181 1.0092866 1.0124095 1.0155537 1.0187223 1.0219166 1.0251369 1.0283815 1.0316476 1.0349311 1.0382269 1 
1 1.0030912 1.0061885 1.0092973 1.0124228 1.0155688 1.0187383 1.0219327 1.025152 1.0283948 1.0316584 1.0349388 1.0382309 1 
1 1.003095 1.0061957 1.0093076 1.0124355 1.0155834 1.0187538 1.0219482 1.0251666 1.0284077 1.0316688 1.0349461 1.0382348 1 
1 1.0030985 1.0062026 1.0093175 1.0124479 1.0155974 1.0187686 1.0219631 1.0251807 1.0284201 1.0316789 1.0349532 1.0382385 1 
1 1.003102 1.0062093 1.0093271 1.0124598 1.0156109 1.018783 1.0219774 1.0251942 1.0284321 1.0316885 1.03496 1.0382421 1 
1 1.0031053 1.0062158 1.0093363 1.0124712 1.0156239 1.0187969 1.0219913 1.0252073 1.0284436 1.0316979 1.0349666 1.0382456 1 
1 1.0031085 1.006222 1.0093452 1.0124823 1.0156365 1.0188102 1.0220047 1.0252199 1.0284547 1.0317069 1.034973 1.0382489 1 
1 1.0031116 1.0062281 1.0093538 1.0124929 1.0156486 1.0188231 1.0220176 1.0252321 1.0284655 1.0317155 1.0349791 1.0382521 1 
1 1.0031146 1.0062338 1.0093621 1.0125032 1.0156603 1.0188355 1.02203 1.0252438 1.0284758 1.0317239 1.034985 1.0382552 1 
1 1.0031175 1.0062394 1.0093701 1.0125131 1.0156715 1.0188475 1.022042 1.0252551 1.0284858 1.031732 1.0349907 1.0382582 1 
1 1.0031203 1.0062448 1.0093778 1.0125227 1.0156824 1.018859 1.0220535 1.025266 1.0284954 1.0317397 1.0349962 1.0382611 1 
1 1.0031229 1.00625 1.0093852 1.0125319 1.0156929 1.0188701 1.0220647 1.0252765 1.0285047 1.0317472 1.0350014 1.0382639 1 
1 1.0031255 1.006255 1.0093923 1.0125407 1.015703 1.0188808 1.0220754 1.0252866 1.0285136 1.0317545 1.0350065 1.0382666 1 
1 1.003128 1.0062599 1.0093992 1.0125493 1.0157127 1.0188912 1.0220857 1.0252964 1.0285222 1.0317614 1.0350115 1.0382691 1 
1 1.0031304 1.0062645 1.0094059 1.0125576 1.0157221 1.0189012 1.0220957 1.0253058 1.0285305 1.0317681 1.0350162 1.0382716 1 
1 1.0031327 1.006269 1.0094123 1.0125655 1.0157311 1.0189108 1.0221053 1.0253149 1.0285385 1.0317746 1.0350208 1.038274 1 
1 1.0031349 1.0062733 1.0094185 1.0125732 1.0157398 1.01892 1.0221146 1.0253236 1.0285463 1.0317809 1.0350252 1.0382764 1 
1 1.0031371 1.0062775 1.0094244 1.0125806 1.0157482 1.018929 1.0221236 1.0253321 1.0285537 1.0317869 1.0350294 1.0382786 1 
1 1.0031392 1.0062815 1.0094302 1.0125877 1.0157563 1.0189376 1.0221322 1.0253402 1.0285609 1.0317927 1.0350335 1.0382807 1 
1 1.0031412 1.0062854 1.0094357 1.0125946 1.0157642 1.0189459 1.0221405 1.0253481 1.0285678 1.0317983 1.0350375 1.0382828 1 
1 1.0031431 1.0062892 1.009441 1.0126012 1.0157717 1.0189539 1.0221485 1.0253556 1.0285745 1.0318037 1.0350413 1.0382848 1 
1 1.0031449 1.0062928 1.0094462 1.0126076 1.015779 1.0189616 1.0221563 1.0253629 1.0285809 1.0318089 1.035045 1.0382868 1 
1 1.0031467 1.0062962 1.0094512 1.0126138 1.015786 1.0189691 1.0221637 1.02537 1.0285871 1.0318139 1.0350485 1.0382886 1 
1 1.0031485 1.0062996 1.0094559 1.0126197 1.0157927 1.0189762 1.0221709 1.0253767 1.0285931 1.0318188 1.0350519 1.0382904 1 
1 1.0031501 1.0063028 1.0094606 1.0126254 1.0157992 1.0189832 1.0221778 1.0253833 1.0285989 1.0318234 1.0350552 1.0382921 1 
1 1.0031517 1.0063059 1.009465 1.012631 1.0158055 1.0189898 1.0221845 1.0253896 1.0286044 1.0318279 1.0350584 1.0382938 1 
1 1.0031533 1.0063089 1.0094693 1.0126363 1.0158116 1.0189963 1.022191 1.0253956 1.0286098 1.0318323 1.0350615 1.0382954 1 
1 1.0031548 1.0063118 1.0094734 1.0126414 1.0158174 1.0190025 1.0221972 1.0254015 1.028615 1.0318364 1.0350644 1.038297 1 
1 1.0031562 1.0063146 1.0094774 1.0126464 1.015823 1.0190085 1.0222032 1.0254072 1.0286199 1.0318405 1.0350672 1.0382985 1 
1 1.0031576 1.0063173 1.0094813 1.0126512 1.0158285 1.0190142 1.0222089 1.0254126 1.0286247 1.0318443 1.03507 1.0382999 1 
1 1.0031589 1.0063199 1.009485 1.0126558 1.0158337 1.0190198 1.0222145 1.0254179 1.0286294 1.0318481 1.0350726 1.0383013 1 
1 1.0031602 1.0063224 1.0094885 1.0126602 1.0158387 1.0190251 1.0222199 1.0254229 1.0286338 1.0318517 1.0350752 1.0383026 1 
1 1.0031615 1.0063248 1.009492 1.0126645 1.0158436 1.0190303 1.022225 1.0254278 1.0286381 1.0318552 1.0350776 1.0383039 1 
1 1.0031627 1.0063272 1.0094953 1.0126686 1.0158483 1.0190353 1.02223 1.0254325 1.0286423 1.0318585 1.03508 1.0383052 1 
1 1.0031638 1.0063294 1.0094985 1.0126726 1.0158528 1.0190401 1.0222348 1.025437 1.0286463 1.0318618 1.0350823 1.0383064 1 
1 1.0031649 1.0063316 1.0095016 1.0126764 1.0158572 1.0190447 1.0222395 1.0254414 1.0286502 1.0318649 1.0350845 1.0383075 1 
1 1.003166 1.0063337 1.0095046 1.0126801 1.0158614 1.0190492 1.0222439 1.0254456 1.0286539 1.0318679 1.0350866 1.0383086 1 
1 1.003167 1.0063357 1.0095074 1.0126837 1.0158654 1.0190535 1.0222483 1.0254497 1.0286575 1.0318708 1.0350887 1.0383097 1 
1 1.003168 1.0063376 1.0095102 1.0126871 1.0158693 1.0190576 1.0222524 1.0254536 1.0286609 1.0318736 1.0350906 1.0383107 1 
1 1.003169 1.0063395 1.0095129 1.0126904 1.0158731 1.0190617 1.0222564 1.0254574 1.0286643 1.0318763 1.0350926 1.0383118 1 
1 1.0031699 1.0063413 1.0095155 1.0126936 1.0158767 1.0190655 1.0222603 1.025461 1.0286675 1.0318789 1.0350944 1.0383127 1 
1 1.0031708 1.006343 1.0095179 1.0126967 1.0158802 1.0190692 1.022264 1.0254646 1.0286706 1.0318814 1.0350962 1.0383136 1 
1 1.0031717 1.0063447 1.0095203 1.0126997 1.0158836 1.0190728 1.0222676 1.025468 1.0286736 1.0318838 1.0350979 1.0383145 1 
1 1.0031725 1.0063463 1.0095226 1.0127025 1.0158869 1.0190763 1.0222711 1.0254712 1.0286765 1.0318862 1.0350995 1.0383154 1 
1 1.0031733 1.0063479 1.0095249 1.0127053 1.01589 1.0190796 1.0222744 1.0254744 1.0286792 1.0318884 1.0351011 1.0383162 1 
1 1.0031741 1.0063494 1.009527 1.012708 1.015893 1.0190828 1.0222776 1.0254774 1.0286819 1.0318906 1.0351026 1.038317 1 
1 1.0031748 1.0063508 1.0095291 1.0127105 1.015896 1.0190859 1.0222807 1.0254803 1.0286845 1.0318927 1.0351041 1.0383178 1 
1 1.0031756 1.0063522 1.0095311 1.012713 1.0158988 1.0190889 1.0222837 1.0254832 1.028687 1.0318947 1.0351055 1.0383186 1 
1 1.0031762 1.0063536 1.009533 1.0127154 1.0159015 1.0190918 1.0222866 1.0254859 1.0286894 1.0318966 1.0351069 1.0383193 1 
1 1.0031769 1.0063549 1.0095348 1.0127177 1.0159041 1.0190946 1.0222894 1.0254885 1.0286917 1.0318985 1.0351082 1.03832 1 
1 1.0031776 1.0063561 1.0095366 1.0127199 1.0159066 1.0190973 1.0222921 1.025491 1.0286939 1.0319003 1.0351095 1.0383206 1 
1 1.0031782 1.0063573 1.0095383 1.012722 1.015909 1.0190998 1.0222947 1.0254935 1.0286961 1.0319021 1.0351107 1.0383213 1 
1 1.0031788 1.0063585 1.00954 1.0127241 1.0159114 1.0191023 1.0222971 1.0254958 1.0286982 1.0319037 1.0351119 1.0383219 1 
1 1.0031794 1.0063596 1.0095416 1.0127261 1.0159137 1.0191047 1.0222995 1.0254981 1.0287002 1.0319053 1.035113 1.0383225 1 
1 1.0031799 1.0063607 1.0095431 1.012728 1.0159158 1.0191071 1.0223019 1.0255003 1.0287021 1.0319069 1.0351141 1.0383231 1 
1 1.0031804 1.0063617 1.0095446 1.0127298 1.0159179 1.0191093 1.0223041 1.0255024 1.028704 1.0319084 1.0351152 1.0383237 1 
1 1.003181 1.0063627 1.0095461 1.0127316 1.01592 1.0191114 1.0223063 1.0255044 1.0287058 1.0319099 1.0351162 1.0383242 1 
1 1.0031815 1.0063637 1.0095475 1.0127333 1.0159219 1.0191135 1.0223083 1.0255064 1.0287075 1.0319113 1.0351172 1.0383247 1 
1 1.0031819 1.0063646 1.0095488 1.012735 1.0159238 1.0191155 1.0223103 1.0255083 1.0287091 1.0319126 1.0351182 1.0383252 1 
1 1.0031824 1.0063655 1.0095501 1.0127366 1.0159256 1.0191174 1.0223123 1.0255101 1.0287108 1.0319139 1.0351191 1.0383257 1 
1 1.0031829 1.0063664 1.0095513 1.0127381 1.0159274 1.0191193 1.0223141 1.0255119 1.0287123 1.0319152 1.03512 1.0383262 1 
1 1.0031833 1.0063672 1.0095525 1.0127396 1.015929 1.0191211 1.0223159 1.0255135 1.0287138 1.0319164 1.0351208 1.0383266 1 
1 1.0031837 1.0063681 1.0095537 1.0127411 1.0159307 1.0191228 1.0223177 1.0255152 1.0287152 1.0319175 1.0351216 1.038327 1 
1 1.0031841 1.0063688 1.0095548 1.0127424 1.0159322 1.0191245 1.0223193 1.0255168 1.0287166 1.0319187 1.0351224 1.0383275 1 
1 1.0031845 1.0063696 1.0095558 1.0127438 1.0159338 1.0191261 1.0223209 1.0255183 1.028718 1.0319197 1.0351232 1.0383279 1 
1 1.0031849 1.0063703 1.0095569 1.012745 1.0159352 1.0191276 1.0223225 1.0255197 1.0287193 1.0319208 1.0351239 1.0383282 1 
1 1.0031852 1.006371 1.0095579 1.0127463 1.0159366 1.0191291 1.022324 1.0255211 1.0287205 1.0319218 1.0351247 1.0383286 1 
1 1.0031856 1.0063717 1.0095588 1.0127475 1.015938 1.0191306 1.0223254 1.0255225 1.0287217 1.0319228 1.0351253 1.038329 1 
1 1.0031859 1.0063723 1.0095598 1.0127486 1.0159393 1.019132 1.0223268 1.0255238 1.0287229 1.0319237 1.035126 1.0383293 1 
1 1.0031862 1.006373 1.0095606 1.0127497 1.0159405 1.0191333 1.0223282 1.0255251 1.028724 1.0319246 1.0351266 1.0383297 1 
1 1.0031865 1.0063736 1.0095615 1.0127508 1.0159418 1.0191346 1.0223294 1.0255263 1.0287251 1.0319255 1.0351273 1.03833 1 
1 1.0031868 1.0063741 1.0095623 1.0127518 1.0159429 1.0191358 1.0223307 1.0255275 1.0287261 1.0319263 1.0351278 1.0383303 1 
1 1.0031871 1.0063747 1.0095631 1.0127528 1.0159441 1.019137 1.0223319 1.0255286 1.0287271 1.0319271 1.0351284 1.0383306 1 
1 1.0031874 1.0063752 1.0095639 1.0127538 1.0159451 1.0191382 1.0223331 1.0255297 1.0287281 1.0319279 1.035129 1.0383309 1 
1 1.0031877 1.0063758 1.0095647 1.0127547 1.0159462 1.0191393 1.0223342 1.0255308 1.028729 1.0319287 1.0351295 1.0383312 1 
