251
1 0.9264 0.8656 0.8176 0.7824 0.76 0.7504 0.7536 0.7696 0.7984 0.84 0.8944 0.9616 1.0416 
0.96766014 0.91190071 0.87132711 0.82537039 0.7903768 0.76799766 0.75839978 0.76160013 0.77760155 0.80641534 0.84815185 0.90390318 0.98447992 1 
0.94271283 0.89868299 0.86790465 0.83127912 0.79807085 0.77595723 0.76639509 0.76960251 0.78562471 0.81458273 0.85718901 0.9160333 0.97261694 1 
0.92239747 0.88516588 0.86382455 0.83323123 0.80458569 0.78368032 0.77435374 0.77761808 0.79374782 0.82311911 0.8661884 0.91630075 0.9775953 1 
0.90514092 0.87334631 0.85810338 0.83409905 0.80924613 0.79071603 0.78215648 0.78565518 0.80198916 0.83128768 0.87114282 0.92246107 0.97833307 1 
0.89021964 0.86232912 0.85256021 0.8334915 0.81295677 0.79681584 0.78959123 0.79361155 0.80994172 0.83803421 0.87787246 0.92569535 0.98117751 1 
0.87708831 0.85245353 0.84681837 0.83244769 0.81559067 0.80222959 0.7965133 0.80119386 0.81729349 0.84515797 0.88302951 0.93021886 0.98295921 1 
0.8654188 0.84337552 0.84138472 0.83086679 0.81764707 0.8068948 0.8028851 0.8082624 0.82451174 0.85144772 0.88867348 0.93377973 0.98516889 1 
0.85495166 0.83512637 0.83612324 0.82913678 0.81911734 0.81099019 0.80865587 0.81493965 0.83115322 0.85775204 0.89362626 0.9376008 0.98701221 1 
0.84550586 0.82754796 0.83118379 0.82723731 0.82022703 0.81452513 0.81393149 0.8210704 0.8375362 0.86352484 0.89859429 0.94100676 0.98891938 1 
0.83693467 0.82060781 0.82650638 0.82531493 0.82099962 0.81763149 0.81868117 0.8267981 0.84342904 0.86911135 0.90316249 0.94438717 0.99065451 1 
0.82912585 0.81421744 0.82212784 0.82337002 0.82154837 0.82032807 0.82300912 0.83204477 0.8489977 0.87429447 0.90758088 0.94752029 0.99235398 1 
0.82198597 0.80833484 0.81801462 0.82146152 0.82189575 0.82270361 0.82691035 0.83690858 0.85414819 0.87921639 0.91170136 0.95053815 0.99394075 1 
0.81543913 0.80290289 0.81416796 0.81959125 0.82210304 0.82477868 0.83045934 0.84136599 0.85896642 0.88379827 0.91561812 0.95336475 0.99546096 1 
0.80942079 0.79788368 0.81056438 0.81778358 0.82218737 0.82661038 0.83366685 0.8454794 0.86342407 0.88810427 0.91928049 0.95604853 0.99688852 1 
0.80387649 0.79323643 0.80719439 0.81603846 0.82218326 0.8282183 0.8365829 0.84925164 0.8675698 0.89211168 0.92272874 0.95856455 0.99824068 1 
0.7987591 0.78892962 0.80403945 0.81436532 0.82210316 0.82963921 0.83922428 0.85272383 0.87140318 0.89585467 0.92594932 0.96093364 0.99950937 1 
0.79402785 0.78493231 0.80108745 0.8127625 0.82196708 0.8308902 0.84162514 0.85590906 0.87495559 0.89933292 0.92896362 0.96315009 1.0007025 1 
0.78964692 0.78121874 0.79832305 0.81123251 0.82178388 0.83199556 0.84380289 0.85883631 0.87823729 0.90256868 0.93177263 0.96522562 1.001819 1 
0.78558482 0.7777646 0.79573423 0.80977274 0.82156545 0.83296944 0.84578183 0.86152137 0.88127115 0.90557018 0.93439095 0.96716211 1.0028637 1 
0.78181357 0.77454881 0.79330806 0.80838247 0.82131797 0.83382848 0.84757777 0.86398604 0.88407067 0.90835442 0.93682518 0.96896823 1.0038384 1 
0.77830827 0.7715518 0.79103356 0.80705863 0.82104865 0.83458404 0.84920878 0.86624565 0.886654 0.91093246 0.9390872 0.97064888 1.0047471 1 
0.77504657 0.76875623 0.7888997 0.80579903 0.82076177 0.83524799 0.85068842 0.86831744 0.88903484 0.91331852 0.94118554 0.97221154 1.0055926 1 
0.77200841 0.7661461 0.78689676 0.80460044 0.82046178 0.83582932 0.85203062 0.8702152 0.8912283 0.91552405 0.94313064 0.97366214 1.0063784 1 
0.76917567 0.76370703 0.78501533 0.80346011 0.82015159 0.8363368 0.85324678 0.87195296 0.89324714 0.91756143 0.94493137 0.97500753 1.0071078 1 
0.76653196 0.76142577 0.78324692 0.80237486 0.819834 0.83677754 0.85434794 0.87354278 0.89510419 0.91944153 0.94659711 0.97625377 1.0077841 1 
0.7640624 0.75929033 0.78158347 0.80134181 0.81951097 0.83715823 0.85534358 0.8749963 0.89681088 0.92117524 0.94813636 0.97740715 1.0084104 1 
0.76175344 0.75728966 0.78001762 0.80035796 0.81918426 0.83748451 0.85624265 0.87632387 0.89837825 0.92277248 0.94955755 0.97847347 1.00899 1 
0.75959273 0.75541367 0.77854247 0.79942052 0.8188552 0.83776159 0.85705304 0.8775353 0.89981635 0.92424281 0.95086851 0.97945845 1.0095257 1 
0.75756899 0.75365308 0.77715166 0.79852672 0.81852492 0.837994 0.8577821 0.87863944 0.9011347 0.92559509 0.95207676 0.98036743 1.0100205 1 
0.75567188 0.75199938 0.77583926 0.79767398 0.81819428 0.83818588 0.85843642 0.87964456 0.90234204 0.92683772 0.95318934 0.98120556 1.0104771 1 
0.75389195 0.75044474 0.7745998 0.79685979 0.81786401 0.83834089 0.85902209 0.88055825 0.90344659 0.9279785 0.95421292 0.98197765 1.0108979 1 
0.75222051 0.74898193 0.77342819 0.79608181 0.81753469 0.83846237 0.85954465 0.88138753 0.90445593 0.92902477 0.95515377 0.98268829 1.0112856 1 
0.75064955 0.74760432 0.77231971 0.7953378 0.81720679 0.83855333 0.86000918 0.88213886 0.90537714 0.92998337 0.95601774 0.98334175 1.0116423 1 
0.74917175 0.74630576 0.77126999 0.79462567 0.81688067 0.83861649 0.86042035 0.88281824 0.90621678 0.93086066 0.95681032 0.98394209 1.0119703 1 
0.74778032 0.74508061 0.77027498 0.79394342 0.81655664 0.83865432 0.86078244 0.88343119 0.90698094 0.9316626 0.95753667 0.98449308 1.0122716 1 
0.74646905 0.74392364 0.7693309 0.79328923 0.81623493 0.83866906 0.86109939 0.88398282 0.90767527 0.93239473 0.95820157 0.98499826 1.012548 1 
0.74523216 0.74283002 0.76843428 0.79266133 0.81591573 0.83866278 0.86137482 0.88447785 0.90830502 0.93306219 0.95880951 0.98546093 1.0128014 1 
0.74406436 0.7417953 0.76758188 0.79205811 0.81559919 0.83863734 0.86161205 0.88492065 0.90887506 0.93366978 0.95936465 0.98588418 1.0130335 1 
0.74296074 0.74081533 0.7667707 0.79147804 0.81528543 0.83859446 0.86181417 0.88531525 0.90938989 0.93422196 0.95987087 0.9862709 1.0132457 1 
0.74191678 0.73988632 0.76599795 0.7909197 0.81497454 0.83853569 0.86198399 0.88566539 0.90985371 0.93472286 0.9603318 0.98662375 1.0134395 1 
0.74092828 0.73900473 0.76526106 0.79038176 0.81466658 0.83846248 0.86212414 0.88597453 0.91027039 0.93517632 0.9607508 0.98694525 1.0136164 1 
0.73999137 0.73816729 0.76455762 0.78986298 0.81436161 0.83837615 0.86223701 0.88624586 0.91064352 0.93558593 0.96113099 0.9872377 1.0137774 1 
0.73910247 0.73737097 0.76388542 0.7893622 0.81405966 0.8382779 0.86232483 0.88648234 0.91097645 0.93595498 0.96147528 0.98750328 1.0139239 1 
0.73825827 0.73661297 0.7632424 0.78887835 0.81376076 0.83816884 0.86238965 0.8866867 0.91127225 0.93628655 0.96178636 0.98774399 1.0140568 1 
0.73745569 0.73589069 0.76262664 0.78841042 0.81346492 0.83804999 0.86243336 0.88686148 0.9115338 0.9365835 0.96206673 0.98796169 1.0141773 1 
0.7366919 0.73520172 0.76203636 0.78795747 0.81317214 0.8379223 0.86245772 0.88700901 0.91176374 0.93684846 0.96231873 0.98815811 1.0142862 1 
0.73596425 0.73454385 0.76146993 0.78751864 0.81288243 0.83778662 0.86246433 0.88713147 0.91196452 0.93708389 0.9625445 0.98833487 1.0143844 1 
0.73527032 0.73391498 0.7609258 0.7870931 0.81259579 0.83764375 0.86245469 0.88723085 0.91213843 0.93729206 0.96274605 0.98849345 1.0144727 1 
0.73460783 0.73331322 0.76040257 0.78668011 0.8123122 0.83749443 0.86243019 0.88730903 0.91228758 0.93747508 0.96292523 0.98863524 1.0145519 1 
0.7339747 0.73273679 0.75989891 0.78627896 0.81203165 0.83733933 0.86239209 0.8873677 0.9124139 0.93763489 0.96308377 0.98876152 1.0146227 1 
0.73336898 0.73218402 0.7594136 0.78588899 0.81175412 0.83717906 0.86234157 0.88740847 0.91251922 0.93777331 0.96322324 0.98887348 1.0146857 1 
0.73278887 0.7316534 0.75894551 0.7855096 0.8114796 0.83701421 0.86227972 0.8874328 0.9126052 0.93789202 0.96334514 0.98897222 1.0147414 1 
0.73223271 0.73114351 0.75849357 0.78514021 0.81120807 0.83684529 0.86220754 0.88744206 0.91267339 0.93799256 0.96345083 0.98905877 1.0147906 1 
0.73169893 0.73065303 0.75805682 0.78478029 0.81093951 0.83667279 0.86212597 0.88743749 0.91272523 0.93807637 0.96354158 0.98913408 1.0148336 1 
0.73118611 0.73018073 0.75763434 0.78442935 0.81067388 0.83649716 0.86203586 0.88742027 0.91276205 0.93814478 0.96361856 0.98919902 1.014871 1 
0.73069291 0.72972549 0.75722528 0.78408693 0.81041118 0.83631882 0.861938 0.88739147 0.91278507 0.93819904 0.96368286 0.9892544 1.0149031 1 
0.73021809 0.72928624 0.75682885 0.78375261 0.81015137 0.83613812 0.86183314 0.88735209 0.91279544 0.93824027 0.9637355 0.98930099 1.0149305 1 
0.72976051 0.72886202 0.75644434 0.78342597 0.80989443 0.83595544 0.86172193 0.88730304 0.9127942 0.93826954 0.9637774 0.98933947 1.0149534 1 
0.72931909 0.72845192 0.75607105 0.78310665 0.80964034 0.83577108 0.86160502 0.88724519 0.91278233 0.93828782 0.96380943 0.9893705 1.0149723 1 
0.72889285 0.72805508 0.75570836 0.7827943 0.80938906 0.83558535 0.86148297 0.88717931 0.91276074 0.93829602 0.96383239 0.98939467 1.0149874 1 
0.72848087 0.72767073 0.75535568 0.78248859 0.80914057 0.8353985 0.86135633 0.88710614 0.91273024 0.93829498 0.96384703 0.98941254 1.0149991 1 
0.7280823 0.72729814 0.75501246 0.78218923 0.80889484 0.8352108 0.86122557 0.88702635 0.91269163 0.93828547 0.96385402 0.98942462 1.0150076 1 
0.72769633 0.72693663 0.7546782 0.78189593 0.80865185 0.83502247 0.86109116 0.88694056 0.91264561 0.93826822 0.963854 0.98943138 1.0150132 1 
0.72732224 0.72658557 0.75435242 0.78160842 0.80841157 0.83483371 0.86095351 0.88684934 0.91259283 0.93824388 0.96384756 0.98943327 1.0150162 1 
0.72695933 0.72624438 0.75403468 0.78132646 0.80817397 0.83464473 0.86081302 0.88675323 0.91253392 0.93821307 0.96383524 0.9894307 1.0150167 1 
0.72660697 0.72591251 0.75372457 0.78104982 0.80793903 0.8344557 0.86067003 0.88665272 0.91246943 0.93817636 0.96381755 0.98942403 1.015015 1 
0.72626458 0.72558946 0.7534217 0.78077828 0.80770672 0.83426678 0.86052487 0.88654826 0.91239989 0.93813427 0.96379495 0.98941363 1.0150112 1 
0.72593159 0.72527475 0.75312573 0.78051164 0.807477 0.83407812 0.86037786 0.88644027 0.91232577 0.9380873 0.96376787 0.9893998 1.0150055 1 
0.72560749 0.72496795 0.75283632 0.78024971 0.80724986 0.83388985 0.86022925 0.88632913 0.91224753 0.93803588 0.96373671 0.98938285 1.0149982 1 
0.72529182 0.72466865 0.75255316 0.77999232 0.80702527 0.83370211 0.86007932 0.8862152 0.91216557 0.93798044 0.96370184 0.98936306 1.0149892 1 
0.72498411 0.72437647 0.75227596 0.77973929 0.8068032 0.83351499 0.8599283 0.88609881 0.91208027 0.93792135 0.9636636 0.98934068 1.0149789 1 
0.72468397 0.72409105 0.75200446 0.77949047 0.80658362 0.8333286 0.85977641 0.88598027 0.91199199 0.93785898 0.9636223 0.98931594 1.0149672 1 
0.72439101 0.72381207 0.75173839 0.77924572 0.80636651 0.83314304 0.85962384 0.88585985 0.91190105 0.93779365 0.96357824 0.98928907 1.0149544 1 
0.72410486 0.72353921 0.75147753 0.77900489 0.80615183 0.8329584 0.85947078 0.88573781 0.91180774 0.93772566 0.96353168 0.98926026 1.0149405 1 
0.7238252 0.7232722 0.75122165 0.77876787 0.80593958 0.83277474 0.85931739 0.88561438 0.91171235 0.93765529 0.96348286 0.9892297 1.0149256 1 
0.72355171 0.72301075 0.75097055 0.77853452 0.80572971 0.83259214 0.85916384 0.8854898 0.91161513 0.9375828 0.96343203 0.98919757 1.0149098 1 
0.7232841 0.72275463 0.75072404 0.77830473 0.8055222 0.83241067 0.85901027 0.88536425 0.91151631 0.93750843 0.96337939 0.98916401 1.0148933 1 
0.7230221 0.72250359 0.75048194 0.7780784 0.80531704 0.83223037 0.8588568 0.88523792 0.91141611 0.9374324 0.96332514 0.98912919 1.014876 1 
0.72276546 0.72225742 0.75024408 0.77785542 0.80511418 0.83205131 0.85870355 0.88511099 0.91131472 0.93735492 0.96326945 0.98909324 1.0148582 1 
0.72251395 0.72201592 0.7500103 0.77763569 0.80491361 0.83187351 0.85855063 0.8849836 0.91121234 0.93727615 0.9632125 0.98905627 1.0148397 1 
0.72226733 0.7217789 0.74978045 0.77741914 0.8047153 0.83169704 0.85839814 0.88485591 0.91110912 0.93719629 0.96315444 0.98901841 1.0148208 1 
0.72202541 0.72154617 0.7495544 0.77720566 0.80451923 0.83152192 0.85824618 0.88472805 0.91100524 0.93711549 0.9630954 0.98897976 1.0148014 1 
0.721788 0.72131757 0.74933201 0.77699519 0.80432537 0.83134818 0.85809482 0.88460013 0.91090082 0.93703389 0.96303553 0.98894042 1.0147816 1 
0.7215549 0.72109295 0.74911316 0.77678764 0.8041337 0.83117586 0.85794414 0.88447227 0.910796 0.93695163 0.96297494 0.98890048 1.0147614 1 
0.72132596 0.72087215 0.74889774 0.77658294 0.80394419 0.83100497 0.8577942 0.88434456 0.9106909 0.93686884 0.96291373 0.98886003 1.014741 1 
0.72110102 0.72065505 0.74868564 0.77638102 0.80375682 0.83083555 0.85764508 0.88421711 0.91058563 0.93678562 0.96285202 0.98881913 1.0147203 1 
0.72087992 0.7204415 0.74847676 0.77618182 0.80357157 0.8306676 0.85749682 0.88409 0.9104803 0.93670208 0.9627899 0.98877787 1.0146994 1 
0.72066253 0.7202314 0.748271 0.77598527 0.80338841 0.83050115 0.85734948 0.8839633 0.91037499 0.93661832 0.96272744 0.98873631 1.0146783 1 
0.72044872 0.72002462 0.74806826 0.77579132 0.80320732 0.8303362 0.85720311 0.88383708 0.9102698 0.93653443 0.96266475 0.9886945 1.0146571 1 
0.72023837 0.71982106 0.74786847 0.77559991 0.80302828 0.83017277 0.85705773 0.88371141 0.91016479 0.93645048 0.96260187 0.98865251 1.0146358 1 
0.72003136 0.71962061 0.74767154 0.77541098 0.80285126 0.83001087 0.8569134 0.88358635 0.91006005 0.93636656 0.96253889 0.98861038 1.0146143 1 
0.71982757 0.71942319 0.7474774 0.77522448 0.80267624 0.8298505 0.85677013 0.88346196 0.90995563 0.93628273 0.96247586 0.98856816 1.0145928 1 
0.71962693 0.71922871 0.74728598 0.77504037 0.8025032 0.82969167 0.85662797 0.88333827 0.9098516 0.93619904 0.96241285 0.98852589 1.0145713 1 
0.71942931 0.71903707 0.7470972 0.7748586 0.80233211 0.82953437 0.85648694 0.88321533 0.90974801 0.93611557 0.96234989 0.98848361 1.0145497 1 
0.71923464 0.7188482 0.746911 0.77467912 0.80216297 0.82937863 0.85634706 0.88309318 0.90964491 0.93603236 0.96228704 0.98844136 1.0145281 1 
0.71904283 0.71866203 0.74672732 0.77450189 0.80199573 0.82922442 0.85620835 0.88297186 0.90954235 0.93594945 0.96222435 0.98839917 1.0145066 1 
0.7188538 0.71847848 0.74654611 0.77432687 0.80183039 0.82907175 0.85607083 0.8828514 0.90944035 0.9358669 0.96216184 0.98835707 1.0144851 1 
0.71866748 0.71829749 0.74636729 0.77415402 0.80166691 0.82892063 0.8559345 0.88273182 0.90933897 0.93578473 0.96209957 0.98831509 1.0144636 1 
0.71848378 0.71811899 0.74619083 0.77398329 0.80150529 0.82877104 0.8557994 0.88261315 0.90923824 0.935703 0.96203755 0.98827325 1.0144422 1 
0.71830265 0.71794292 0.74601667 0.77381467 0.8013455 0.82862298 0.85566552 0.88249542 0.90913817 0.93562172 0.96197583 0.98823157 1.0144209 1 
0.71812402 0.71776922 0.74584477 0.7736481 0.80118751 0.82847644 0.85553287 0.88237864 0.90903881 0.93554092 0.96191442 0.98819008 1.0143996 1 
0.71794783 0.71759785 0.74567507 0.77348355 0.80103131 0.82833143 0.85540146 0.88226284 0.90894017 0.93546064 0.96185335 0.9881488 1.0143785 1 
0.71777401 0.71742874 0.74550753 0.77332099 0.80087688 0.82818793 0.8552713 0.88214801 0.90884228 0.9353809 0.96179264 0.98810774 1.0143574 1 
0.71760252 0.71726184 0.74534212 0.7731604 0.8007242 0.82804593 0.85514239 0.88203419 0.90874516 0.93530172 0.96173232 0.98806692 1.0143365 1 
0.71743331 0.71709712 0.74517878 0.77300173 0.80057325 0.82790543 0.85501473 0.88192137 0.90864881 0.93522311 0.9616724 0.98802635 1.0143157 1 
0.71726631 0.71693453 0.74501749 0.77284496 0.800424 0.82776642 0.85488832 0.88180957 0.90855326 0.9351451 0.9616129 0.98798604 1.014295 1 
0.7171015 0.71677401 0.7448582 0.77269006 0.80027645 0.82762889 0.85476317 0.8816988 0.90845852 0.9350677 0.96155383 0.98794601 1.0142745 1 
0.71693881 0.71661554 0.74470088 0.77253701 0.80013057 0.82749283 0.85463927 0.88158906 0.9083646 0.93499092 0.9614952 0.98790627 1.0142541 1 
0.7167782 0.71645907 0.7445455 0.77238576 0.79998633 0.82735823 0.85451662 0.88148036 0.90827151 0.93491477 0.96143703 0.98786682 1.0142339 1 
0.71661965 0.71630456 0.74439202 0.77223631 0.79984373 0.82722507 0.85439521 0.88137269 0.90817925 0.93483927 0.96137933 0.98782767 1.0142138 1 
0.7164631 0.71615198 0.74424041 0.77208862 0.79970275 0.82709336 0.85427505 0.88126607 0.90808784 0.93476443 0.9613221 0.98778883 1.0141938 1 
0.71630851 0.71600129 0.74409063 0.77194266 0.79956336 0.82696307 0.85415613 0.88116049 0.90799727 0.93469024 0.96126536 0.98775031 1.014174 1 
0.71615586 0.71585246 0.74394267 0.77179842 0.79942555 0.8268342 0.85403844 0.88105596 0.90790756 0.93461672 0.9612091 0.98771211 1.0141544 1 
0.7160051 0.71570546 0.74379648 0.77165587 0.79928931 0.82670673 0.85392198 0.88095247 0.90781871 0.93454387 0.96115334 0.98767424 1.014135 1 
0.7158562 0.71556025 0.74365205 0.77151498 0.7991546 0.82658065 0.85380675 0.88085002 0.90773071 0.9344717 0.96109809 0.9876367 1.0141157 1 
0.71570913 0.71541681 0.74350935 0.77137574 0.79902142 0.82645595 0.85369272 0.88074861 0.90764357 0.93440021 0.96104333 0.9875995 1.0140966 1 
0.71556387 0.71527511 0.74336834 0.77123812 0.79888975 0.82633263 0.85357991 0.88064824 0.90755729 0.9343294 0.96098908 0.98756263 1.0140776 1 
0.71542037 0.71513512 0.74322901 0.7711021 0.79875957 0.82621065 0.8534683 0.8805489 0.90747187 0.93425927 0.96093535 0.9875261 1.0140588 1 
0.71527861 0.71499681 0.74309133 0.77096765 0.79863087 0.82609002 0.85335788 0.88045059 0.90738731 0.93418983 0.96088212 0.98748991 1.0140402 1 
0.71513856 0.71486016 0.74295528 0.77083477 0.79850362 0.82597073 0.85324865 0.8803533 0.90730361 0.93412107 0.96082941 0.98745406 1.0140218 1 
0.71500019 0.71472513 0.74282083 0.77070342 0.79837782 0.82585275 0.85314059 0.88025704 0.90722075 0.934053 0.96077721 0.98741856 1.0140036 1 
0.71486348 0.71459172 0.74268795 0.7705736 0.79825344 0.82573608 0.8530337 0.88016178 0.90713876 0.93398561 0.96072553 0.98738341 1.0139855 1 
0.71472841 0.71445988 0.74255664 0.77044527 0.79813047 0.8256207 0.85292797 0.88006754 0.9070576 0.93391891 0.96067436 0.98734859 1.0139676 1 
0.71459494 0.71432961 0.74242686 0.77031842 0.79800889 0.8255066 0.85282338 0.8799743 0.9069773 0.93385289 0.9606237 0.98731413 1.0139498 1 
0.71446306 0.71420087 0.7422986 0.77019303 0.79788869 0.82539377 0.85271994 0.87988205 0.90689783 0.93378754 0.96057356 0.98728001 1.0139323 1 
0.71433274 0.71407365 0.74217183 0.77006908 0.79776985 0.8252822 0.85261763 0.87979079 0.9068192 0.93372287 0.96052393 0.98724623 1.0139149 1 
0.71420396 0.71394792 0.74204654 0.76994656 0.79765236 0.82517187 0.85251643 0.87970052 0.9067414 0.93365887 0.96047481 0.98721279 1.0138977 1 
0.71407669 0.71382367 0.74192271 0.76982545 0.79753619 0.82506277 0.85241635 0.87961121 0.90666443 0.93359555 0.96042619 0.9871797 1.0138807 1 
0.71395092 0.71370087 0.74180031 0.76970573 0.79742135 0.82495489 0.85231737 0.87952288 0.90658828 0.93353289 0.96037808 0.98714695 1.0138639 1 
0.71382663 0.7135795 0.74167932 0.76958737 0.79730781 0.82484822 0.85221948 0.8794355 0.90651294 0.93347089 0.96033048 0.98711454 1.0138472 1 
0.71370378 0.71345954 0.74155974 0.76947038 0.79719555 0.82474274 0.85212267 0.87934908 0.90643842 0.93340955 0.96028337 0.98708247 1.0138307 1 
0.71358237 0.71334098 0.74144154 0.76935473 0.79708456 0.82463844 0.85202693 0.8792636 0.9063647 0.93334886 0.96023677 0.98705073 1.0138143 1 
0.71346238 0.7132238 0.7413247 0.76924039 0.79697483 0.82453531 0.85193225 0.87917905 0.90629177 0.93328883 0.96019065 0.98701933 1.0137982 1 
0.71334378 0.71310797 0.74120921 0.76912737 0.79686635 0.82443333 0.85183862 0.87909543 0.90621964 0.93322944 0.96014503 0.98698826 1.0137822 1 
0.71322656 0.71299349 0.74109505 0.76901564 0.79675909 0.8243325 0.85174603 0.87901274 0.90614829 0.93317069 0.9600999 0.98695752 1.0137664 1 
0.7131107 0.71288033 0.7409822 0.76890518 0.79665305 0.8242328 0.85165447 0.87893095 0.90607772 0.93311257 0.96005525 0.98692711 1.0137507 1 
0.71299618 0.71276847 0.74087065 0.76879599 0.79654822 0.82413422 0.85156393 0.87885006 0.90600792 0.93305509 0.96001109 0.98689703 1.0137353 1 
0.71288299 0.71265791 0.74076038 0.76868804 0.79644456 0.82403675 0.8514744 0.87877007 0.90593889 0.93299823 0.9599674 0.98686727 1.0137199 1 
0.7127711 0.71254862 0.74065138 0.76858132 0.79634209 0.82394038 0.85138586 0.87869096 0.90587062 0.932942 0.95992418 0.98683783 1.0137048 1 
0.7126605 0.71244059 0.74054362 0.76847582 0.79624077 0.82384509 0.85129832 0.87861273 0.90580309 0.93288637 0.95988144 0.98680871 1.0136898 1 
0.71255118 0.7123338 0.7404371 0.76837153 0.79614061 0.82375087 0.85121175 0.87853537 0.90573632 0.93283136 0.95983916 0.98677991 1.013675 1 
0.71244311 0.71222824 0.7403318 0.76826842 0.79604157 0.82365772 0.85112616 0.87845887 0.90567028 0.93277695 0.95979735 0.98675142 1.0136603 1 
0.71233629 0.71212389 0.7402277 0.76816648 0.79594366 0.82356561 0.85104152 0.87838322 0.90560497 0.93272314 0.95975599 0.98672324 1.0136458 1 
0.7122307 0.71202073 0.74012479 0.76806571 0.79584686 0.82347454 0.85095783 0.87830841 0.90554038 0.93266993 0.95971508 0.98669537 1.0136315 1 
0.71212632 0.71191876 0.74002306 0.76796608 0.79575116 0.8233845 0.85087508 0.87823444 0.90547651 0.9326173 0.95967463 0.98666781 1.0136173 1 
0.71202313 0.71181796 0.73992249 0.76786759 0.79565654 0.82329547 0.85079325 0.8781613 0.90541335 0.93256525 0.95963462 0.98664055 1.0136032 1 
0.71192113 0.7117183 0.73982307 0.76777022 0.79556299 0.82320745 0.85071235 0.87808897 0.9053509 0.93251379 0.95959506 0.98661359 1.0135894 1 
0.7118203 0.71161979 0.73972478 0.76767396 0.79547051 0.82312042 0.85063235 0.87801745 0.90528914 0.93246289 0.95955593 0.98658693 1.0135756 1 
0.71172062 0.71152241 0.73962762 0.76757879 0.79537907 0.82303438 0.85055326 0.87794673 0.90522806 0.93241256 0.95951724 0.98656056 1.0135621 1 
0.71162208 0.71142614 0.73953156 0.7674847 0.79528867 0.8229493 0.85047505 0.8778768 0.90516767 0.93236279 0.95947897 0.98653448 1.0135486 1 
0.71152467 0.71133096 0.7394366 0.76739168 0.79519929 0.82286519 0.85039773 0.87780766 0.90510796 0.93231357 0.95944113 0.9865087 1.0135354 1 
0.71142837 0.71123688 0.73934272 0.76729972 0.79511092 0.82278202 0.85032127 0.87773929 0.90504891 0.9322649 0.95940372 0.9864832 1.0135222 1 
0.71133317 0.71114387 0.73924991 0.7672088 0.79502356 0.8226998 0.85024568 0.87767169 0.90499052 0.93221677 0.95936671 0.98645798 1.0135093 1 
0.71123906 0.71105191 0.73915815 0.76711892 0.79493718 0.8226185 0.85017093 0.87760485 0.90493279 0.93216919 0.95933013 0.98643305 1.0134964 1 
0.71114602 0.71096101 0.73906744 0.76703006 0.79485179 0.82253813 0.85009703 0.87753876 0.9048757 0.93212213 0.95929395 0.98640839 1.0134837 1 
0.71105404 0.71087114 0.73897776 0.7669422 0.79476736 0.82245866 0.85002396 0.87747342 0.90481926 0.9320756 0.95925817 0.98638401 1.0134712 1 
0.71096311 0.7107823 0.7388891 0.76685535 0.79468389 0.82238009 0.84995172 0.87740881 0.90476345 0.9320296 0.95922279 0.9863599 1.0134588 1 
0.71087322 0.71069446 0.73880145 0.76676948 0.79460136 0.82230241 0.84988029 0.87734492 0.90470826 0.9319841 0.95918781 0.98633605 1.0134465 1 
0.71078435 0.71060763 0.7387148 0.76668458 0.79451977 0.82222561 0.84980967 0.87728176 0.9046537 0.93193912 0.95915322 0.98631248 1.0134344 1 
0.71069649 0.71052179 0.73862913 0.76660065 0.79443911 0.82214967 0.84973984 0.87721931 0.90459975 0.93189465 0.95911902 0.98628917 1.0134224 1 
0.71060964 0.71043692 0.73854443 0.76651767 0.79435936 0.8220746 0.84967081 0.87715756 0.9045464 0.93185067 0.95908521 0.98626612 1.0134105 1 
0.71052377 0.71035302 0.7384607 0.76643564 0.79428051 0.82200037 0.84960255 0.87709651 0.90449366 0.93180719 0.95905177 0.98624333 1.0133988 1 
0.71043888 0.71027007 0.73837792 0.76635453 0.79420256 0.82192699 0.84953506 0.87703614 0.90444151 0.93176419 0.95901871 0.9862208 1.0133872 1 
0.71035495 0.71018806 0.73829608 0.76627435 0.79412548 0.82185443 0.84946834 0.87697646 0.90438995 0.93172168 0.95898601 0.98619851 1.0133757 1 
0.71027198 0.71010699 0.73821517 0.76619507 0.79404929 0.8217827 0.84940237 0.87691745 0.90433897 0.93167965 0.95895369 0.98617648 1.0133643 1 
0.71018995 0.71002684 0.73813518 0.7661167 0.79397395 0.82171177 0.84933715 0.8768591 0.90428856 0.93163809 0.95892173 0.9861547 1.0133531 1 
0.71010886 0.7099476 0.73805609 0.76603921 0.79389947 0.82164165 0.84927266 0.87680142 0.90423872 0.931597 0.95889013 0.98613316 1.013342 1 
0.71002869 0.70986926 0.73797791 0.7659626 0.79382584 0.82157233 0.8492089 0.87674439 0.90418944 0.93155637 0.95885889 0.98611186 1.0133311 1 
0.70994942 0.7097918 0.73790061 0.76588686 0.79375304 0.82150379 0.84914586 0.876688 0.90414072 0.93151621 0.958828 0.98609081 1.0133202 1 
0.70987106 0.70971523 0.73782419 0.76581198 0.79368106 0.82143602 0.84908354 0.87663224 0.90409255 0.93147649 0.95879745 0.98606999 1.0133095 1 
0.70979359 0.70963953 0.73774863 0.76573795 0.7936099 0.82136902 0.84902192 0.87657712 0.90404493 0.93143722 0.95876725 0.9860494 1.0132989 1 
0.709717 0.70956469 0.73767394 0.76566476 0.79353954 0.82130278 0.848961 0.87652262 0.90399784 0.9313984 0.95873739 0.98602905 1.0132884 1 
0.70964128 0.7094907 0.73760009 0.7655924 0.79346999 0.82123729 0.84890076 0.87646874 0.90395128 0.93136001 0.95870787 0.98600893 1.0132781 1 
0.70956641 0.70941755 0.73752708 0.76552086 0.79340122 0.82117254 0.84884121 0.87641547 0.90390525 0.93132205 0.95867868 0.98598903 1.0132678 1 
0.7094924 0.70934522 0.7374549 0.76545013 0.79333323 0.82110853 0.84878234 0.87636279 0.90385974 0.93128453 0.95864982 0.98596936 1.0132577 1 
0.70941923 0.70927372 0.73738353 0.7653802 0.79326601 0.82104524 0.84872412 0.87631072 0.90381474 0.93124743 0.95862129 0.98594991 1.0132477 1 
0.70934689 0.70920303 0.73731298 0.76531107 0.79319955 0.82098267 0.84866657 0.87625923 0.90377026 0.93121075 0.95859308 0.98593068 1.0132378 1 
0.70927537 0.70913314 0.73724323 0.76524272 0.79313385 0.8209208 0.84860967 0.87620833 0.90372627 0.93117448 0.95856518 0.98591166 1.013228 1 
0.70920466 0.70906405 0.73717427 0.76517514 0.79306889 0.82085964 0.84855341 0.876158 0.90368278 0.93113862 0.9585376 0.98589286 1.0132183 1 
0.70913475 0.70899574 0.73710609 0.76510834 0.79300466 0.82079917 0.84849779 0.87610824 0.90363979 0.93110317 0.95851034 0.98587428 1.0132087 1 
0.70906564 0.7089282 0.73703868 0.76504228 0.79294117 0.82073938 0.8484428 0.87605904 0.90359728 0.93106812 0.95848338 0.9858559 1.0131993 1 
0.70899731 0.70886143 0.73697204 0.76497698 0.79287839 0.82068027 0.84838843 0.8760104 0.90355525 0.93103346 0.95845673 0.98583773 1.0131899 1 
0.70892976 0.70879542 0.73690615 0.76491242 0.79281633 0.82062183 0.84833468 0.87596231 0.9035137 0.9309992 0.95843037 0.98581977 1.0131807 1 
0.70886297 0.70873016 0.73684101 0.76484859 0.79275496 0.82056405 0.84828154 0.87591477 0.90347261 0.93096532 0.95840432 0.98580201 1.0131715 1 
0.70879694 0.70866564 0.73677661 0.76478548 0.7926943 0.82050693 0.848229 0.87586776 0.90343199 0.93093183 0.95837856 0.98578445 1.0131625 1 
0.70873166 0.70860184 0.73671294 0.76472309 0.79263432 0.82045045 0.84817705 0.87582128 0.90339183 0.93089871 0.95835309 0.98576709 1.0131536 1 
0.70866712 0.70853878 0.73664999 0.7646614 0.79257502 0.82039462 0.84812569 0.87577534 0.90335213 0.93086597 0.95832791 0.98574992 1.0131447 1 
0.70860331 0.70847642 0.73658776 0.76460042 0.79251639 0.82033942 0.84807491 0.87572991 0.90331288 0.93083361 0.95830302 0.98573295 1.013136 1 
0.70854023 0.70841478 0.73652623 0.76454013 0.79245843 0.82028484 0.84802471 0.87568499 0.90327406 0.9308016 0.9582784 0.98571617 1.0131273 1 
0.70847786 0.70835383 0.7364654 0.76448051 0.79240112 0.82023088 0.84797508 0.87564059 0.90323569 0.93076996 0.95825407 0.98569959 1.0131188 1 
0.7084162 0.70829357 0.73640525 0.76442158 0.79234447 0.82017753 0.84792601 0.87559669 0.90319776 0.93073868 0.95823001 0.98568318 1.0131104 1 
0.70835523 0.708234 0.73634579 0.76436331 0.79228845 0.82012478 0.84787749 0.87555328 0.90316025 0.93070775 0.95820622 0.98566697 1.013102 1 
0.70829496 0.70817511 0.73628701 0.76430571 0.79223307 0.82007264 0.84782953 0.87551037 0.90312317 0.93067717 0.9581827 0.98565094 1.0130938 1 
0.70823537 0.70811688 0.73622889 0.76424875 0.79217832 0.82002108 0.8477821 0.87546794 0.9030865 0.93064694 0.95815945 0.98563509 1.0130856 1 
0.70817646 0.70805931 0.73617143 0.76419245 0.79212419 0.81997011 0.84773522 0.87542599 0.90305026 0.93061705 0.95813646 0.98561942 1.0130775 1 
0.70811822 0.70800239 0.73611462 0.76413678 0.79207067 0.81991972 0.84768886 0.87538452 0.90301442 0.9305875 0.95811373 0.98560392 1.0130695 1 
0.70806063 0.70794612 0.73605845 0.76408174 0.79201776 0.81986989 0.84764303 0.87534352 0.90297899 0.93055828 0.95809126 0.9855886 1.0130617 1 
0.7080037 0.70789049 0.73600292 0.76402732 0.79196545 0.81982064 0.84759772 0.87530298 0.90294396 0.9305294 0.95806904 0.98557346 1.0130539 1 
0.70794741 0.70783548 0.73594802 0.76397352 0.79191373 0.81977193 0.84755293 0.8752629 0.90290932 0.93050084 0.95804707 0.98555848 1.0130462 1 
0.70789177 0.7077811 0.73589375 0.76392034 0.7918626 0.81972379 0.84750864 0.87522327 0.90287508 0.9304726 0.95802536 0.98554368 1.0130385 1 
0.70783675 0.70772734 0.73584008 0.76386775 0.79181204 0.81967618 0.84746485 0.8751841 0.90284123 0.93044469 0.95800389 0.98552904 1.013031 1 
0.70778236 0.70767419 0.73578703 0.76381576 0.79176206 0.81962912 0.84742156 0.87514536 0.90280776 0.93041709 0.95798266 0.98551457 1.0130235 1 
0.70772858 0.70762164 0.73573458 0.76376436 0.79171265 0.81958259 0.84737876 0.87510707 0.90277467 0.9303898 0.95796167 0.98550027 1.0130162 1 
0.70767541 0.70756968 0.73568272 0.76371354 0.79166379 0.81953659 0.84733644 0.87506921 0.90274195 0.93036282 0.95794092 0.98548612 1.0130089 1 
0.70762285 0.70751832 0.73563145 0.7636633 0.79161549 0.8194911 0.84729461 0.87503178 0.90270961 0.93033615 0.95792041 0.98547214 1.0130017 1 
0.70757088 0.70746753 0.73558076 0.76361363 0.79156774 0.81944614 0.84725324 0.87499477 0.90267763 0.93030978 0.95790012 0.98545831 1.0129946 1 
0.7075195 0.70741732 0.73553065 0.76356452 0.79152053 0.81940168 0.84721235 0.87495818 0.90264601 0.93028371 0.95788007 0.98544464 1.0129875 1 
0.7074687 0.70736768 0.7354811 0.76351596 0.79147385 0.81935773 0.84717192 0.87492201 0.90261475 0.93025793 0.95786025 0.98543113 1.0129806 1 
0.70741848 0.70731861 0.73543212 0.76346796 0.7914277 0.81931427 0.84713195 0.87488625 0.90258385 0.93023245 0.95784065 0.98541777 1.0129737 1 
0.70736883 0.70727009 0.73538369 0.7634205 0.79138207 0.81927131 0.84709243 0.87485089 0.90255329 0.93020725 0.95782127 0.98540456 1.0129669 1 
0.70731974 0.70722212 0.73533581 0.76337358 0.79133697 0.81922883 0.84705336 0.87481593 0.90252309 0.93018234 0.95780211 0.98539149 1.0129602 1 
0.7072712 0.70717469 0.73528847 0.76332719 0.79129237 0.81918684 0.84701473 0.87478137 0.90249322 0.93015772 0.95778317 0.98537858 1.0129535 1 
0.70722322 0.7071278 0.73524167 0.76328133 0.79124828 0.81914532 0.84697654 0.8747472 0.90246369 0.93013337 0.95776444 0.98536582 1.012947 1 
0.70717578 0.70708144 0.7351954 0.76323599 0.79120469 0.81910427 0.84693878 0.87471342 0.9024345 0.93010929 0.95774592 0.98535319 1.0129405 1 
0.70712888 0.70703561 0.73514965 0.76319116 0.79116159 0.81906369 0.84690145 0.87468002 0.90240564 0.93008549 0.95772762 0.98534072 1.012934 1 
0.70708251 0.7069903 0.73510442 0.76314683 0.79111898 0.81902357 0.84686454 0.874647 0.9023771 0.93006196 0.95770952 0.98532838 1.0129277 1 
0.70703667 0.7069455 0.7350597 0.76310301 0.79107685 0.8189839 0.84682805 0.87461435 0.90234889 0.9300387 0.95769162 0.98531618 1.0129214 1 
0.70699134 0.70690121 0.7350155 0.76305969 0.7910352 0.81894468 0.84679197 0.87458207 0.902321 0.9300157 0.95767393 0.98530412 1.0129152 1 
0.70694653 0.70685742 0.73497179 0.76301686 0.79099402 0.8189059 0.84675631 0.87455016 0.90229342 0.92999296 0.95765644 0.9852922 1.012909 1 
0.70690223 0.70681412 0.73492857 0.76297451 0.79095331 0.81886757 0.84672104 0.87451861 0.90226616 0.92997048 0.95763915 0.98528041 1.012903 1 
0.70685842 0.70677132 0.73488585 0.76293265 0.79091306 0.81882967 0.84668618 0.87448742 0.9022392 0.92994825 0.95762205 0.98526876 1.012897 1 
0.70681512 0.706729 0.73484361 0.76289125 0.79087327 0.8187922 0.84665171 0.87445658 0.90221255 0.92992627 0.95760515 0.98525723 1.012891 1 
0.70677231 0.70668717 0.73480185 0.76285033 0.79083393 0.81875515 0.84661763 0.87442609 0.9021862 0.92990455 0.95758844 0.98524584 1.0128852 1 
0.70672998 0.7066458 0.73476057 0.76280987 0.79079503 0.81871852 0.84658394 0.87439594 0.90216016 0.92988307 0.95757192 0.98523458 1.0128794 1 
0.70668813 0.70660491 0.73471975 0.76276987 0.79075658 0.81868231 0.84655063 0.87436614 0.9021344 0.92986183 0.95755559 0.98522344 1.0128736 1 
0.70664675 0.70656448 0.73467939 0.76273032 0.79071856 0.81864651 0.8465177 0.87433668 0.90210894 0.92984083 0.95753944 0.98521244 1.012868 1 
0.70660585 0.7065245 0.73463949 0.76269122 0.79068097 0.81861111 0.84648514 0.87430755 0.90208377 0.92982007 0.95752347 0.98520155 1.0128624 1 
0.70656541 0.70648498 0.73460005 0.76265257 0.7906438 0.81857612 0.84645295 0.87427875 0.90205888 0.92979955 0.95750768 0.98519079 1.0128568 1 
0.70652542 0.70644591 0.73456105 0.76261435 0.79060706 0.81854152 0.84642112 0.87425027 0.90203427 0.92977926 0.95749208 0.98518015 1.0128514 1 
0.70648589 0.70640728 0.73452249 0.76257657 0.79057074 0.81850731 0.84638966 0.87422212 0.90200994 0.9297592 0.95747665 0.98516963 1.0128459 1 
0.70644681 0.70636909 0.73448437 0.76253921 0.79053482 0.8184735 0.84635855 0.87419429 0.90198589 0.92973936 0.95746139 0.98515923 1.0128406 1 
0.70640817 0.70633133 0.73444668 0.76250228 0.79049932 0.81844006 0.8463278 0.87416677 0.90196211 0.92971976 0.95744631 0.98514895 1.0128353 1 
0.70636997 0.706294 0.73440942 0.76246576 0.79046421 0.818407 0.84629739 0.87413956 0.9019386 0.92970037 0.9574314 0.98513879 1.0128301 1 
0.7063322 0.70625709 0.73437258 0.76242966 0.7904295 0.81837432 0.84626733 0.87411266 0.90191536 0.9296812 0.95741666 0.98512874 1.0128249 1 
0.70629486 0.7062206 0.73433616 0.76239397 0.79039519 0.81834201 0.8462376 0.87408607 0.90189238 0.92966225 0.95740208 0.9851188 1.0128198 1 
0.70625794 0.70618452 0.73430015 0.76235868 0.79036127 0.81831007 0.84620822 0.87405978 0.90186966 0.92964352 0.95738767 0.98510898 1.0128147 1 
0.70622144 0.70614885 0.73426455 0.76232379 0.79032773 0.81827848 0.84617917 0.87403379 0.9018472 0.929625 0.95737343 0.98509927 1.0128097 1 
0.70618535 0.70611359 0.73422935 0.7622893 0.79029457 0.81824726 0.84615044 0.87400809 0.90182499 0.92960668 0.95735934 0.98508967 1.0128048 1 
0.70614968 0.70607873 0.73419455 0.7622552 0.79026178 0.81821639 0.84612205 0.87398268 0.90180303 0.92958858 0.95734541 0.98508017 1.0127999 1 
0.7061144 0.70604426 0.73416014 0.76222148 0.79022937 0.81818586 0.84609397 0.87395756 0.90178133 0.92957068 0.95733165 0.98507079 1.012795 1 
0.70607953 0.70601018 0.73412613 0.76218815 0.79019732 0.81815569 0.84606621 0.87393273 0.90175987 0.92955298 0.95731803 0.98506151 1.0127903 1 
0.70604505 0.70597649 0.7340925 0.7621552 0.79016564 0.81812585 0.84603877 0.87390817 0.90173865 0.92953548 0.95730458 0.98505234 1.0127855 1 
0.70601096 0.70594318 0.73405925 0.76212261 0.79013432 0.81809636 0.84601164 0.8738839 0.90171767 0.92951818 0.95729127 0.98504327 1.0127809 1 
0.70597726 0.70591025 0.73402638 0.7620904 0.79010335 0.8180672 0.84598481 0.8738599 0.90169693 0.92950108 0.95727812 0.9850343 1.0127763 1 
0.70594395 0.70587769 0.73399388 0.76205855 0.79007273 0.81803837 0.84595829 0.87383617 0.90167643 0.92948417 0.95726511 0.98502543 1.0127717 1 
0.705911 0.7058455 0.73396175 0.76202707 0.79004246 0.81800986 0.84593207 0.87381271 0.90165615 0.92946746 0.95725225 0.98501667 1.0127672 1 
0.70587844 0.70581367 0.73392999 0.76199594 0.79001253 0.81798168 0.84590615 0.87378952 0.90163611 0.92945093 0.95723954 0.985008 1.0127627 1 
0.70584624 0.70578221 0.73389858 0.76196516 0.78998295 0.81795382 0.84588052 0.87376659 0.9016163 0.92943459 0.95722697 0.98499943 1.0127583 1 
0.7058144 0.7057511 0.73386753 0.76193473 0.78995369 0.81792627 0.84585518 0.87374391 0.9015967 0.92941843 0.95721455 0.98499096 1.0127539 1 
0.70578293 0.70572034 0.73383683 0.76190465 0.78992477 0.81789904 0.84583013 0.8737215 0.90157733 0.92940246 0.95720226 0.98498259 1.0127496 1 
