10
0 0.510864 1.21942 1.15211 2.0487 3.9822 2.88634 5.91237 5.28122 5.2363 
0.585115 0 1.68122 2.65091 1.75388 3.65713 2.40407 6.97462 6.00178 5.78554 
1.3198 1.70372 0 2.0833 3.67724 4.69498 4.18391 4.26061 3.49113 3.18163 
0.911476 1.19356 2.50335 0 3.31963 4.53942 3.4317 4.06537 7.94271 3.5778 
2.71102 2.58942 3.8783 3.23429 0 4.05021 4.49359 5.70543 6.60014 4.67204 
0.805234 3.02081 4.67053 3.18365 4.33576 0 5.97496 5.66658 5.56666 6.90834 
5.89676 4.31745 2.65698 4.57397 5.96835 5.58329 0 6.11742 6.23778 7.50437 
1.97993 1.5739 6.93418 3.82116 4.61242 6.00174 6.32062 0 7.11706 8.06632 
0.021043 1.77725 2.07714 6.93223 7.77515 6.42304 7.27084 7.59315 0 8.57237 
3.81028 2.26141 5.46615 5.78402 4.44575 8.85037 6.12465 7.17337 8.49572 0 
