10
2.79524 1.47636 4.94114 2.8816 7.83401 4.31814 7.54269 1.45206 4.05527 8.47842 
1.99368 9.2471 7.46963 6.62741 1.28311 0.292247 8.29677 0.494867 5.30919 2.7744 
2.37379 4.45498 6.00288 0.0611288 9.95896 9.25097 8.9249 4.40693 3.94007 5.48125 
7.85484 6.99628 0.734835 6.64449 6.9354 0.316787 6.29926 0.357541 7.62673 9.23587 
4.47565 2.69672 7.82396 6.31384 2.57426 0.630705 8.53308 2.65618 5.10547 2.75353 
9.27795 9.07006 4.97565 7.09656 4.17011 3.79419 6.6564 1.65515 2.7003 6.59156 
0.727466 2.29103 7.71199 6.66485 7.15006 0.610527 2.12012 8.46075 4.08304 3.18373 
0.494605 3.92427 9.76121 5.12232 9.83567 5.84573 1.86573 4.92312 1.93995 4.1185 
5.67064 8.46735 4.83196 1.00048 9.71953 2.47063 3.68072 0.851055 0.569765 2.46997 
5.53933 9.01799 8.61344 0.250038 6.95128 6.63115 3.16238 6.3224 5.2675 3.49478 
