1e-05 87264
2e-05 43743
3e-05 29171
4e-05 21881
5e-05 17508
6e-05 14589
7e-05 12506
8e-05 10943
9e-05 9728
0.0001 8755
0.00011 7959
0.00012 7296
0.00013 6735
0.00014 6254
0.00015 5837
0.00016 5473
0.00017 5151
0.00018 4865
0.00019 4609
0.0002 4379
0.00021 4170
0.00022 3981
0.00023 3808
0.00024 3649
0.00025 3504
0.00026 3369
0.00027 3244
0.00028 3128
0.00029 3021
0.0003 2920
0.00031 2826
0.00032 2738
0.00033 2655
0.00034 2577
0.00035 2503
0.00036 2434
0.00037 2368
0.00038 2306
0.00039 2247
0.0004 2191
0.00041 2137
0.00042 2086
0.00043 2038
0.00044 1992
0.00045 1948
0.00046 1905
0.00047 1865
0.00048 1826
0.00049 1789
0.0005 1753
0.00051 1719
0.00052 1686
0.00053 1654
0.00054 1623
0.00055 1594
0.00056 1565
0.00057 1538
0.00058 1512
0.00059 1486
0.0006 1461
0.00061 1437
0.00062 1414
0.00063 1392
0.00064 1370
0.00065 1349
0.00066 1329
0.00067 1309
0.00068 1290
0.00069 1271
0.0007 1253
0.00071 1235
0.00072 1218
0.00073 1201
0.00074 1185
0.00075 1170
0.00076 1154
0.00077 1139
0.00078 1125
0.00079 1110
0.0008 1097
0.00081 1083
0.00082 1070
0.00083 1057
0.00084 1044
0.00085 1032
0.00086 1020
0.00087 1009
0.00088 997
0.00089 986
0.0009 975
0.00091 964
0.00092 954
0.00093 944
0.00094 934
0.00095 924
0.00096 914
0.00097 905
0.00098 896
0.00099 887
0.001 878
0.00101 869
0.00102 861
0.00103 852
0.00104 844
0.00105 836
0.00106 828
0.00107 821
0.00108 813
0.00109 806
0.0011 798
0.00111 791
0.00112 784
0.00113 777
0.00114 770
0.00115 764
0.00116 757
0.00117 751
0.00118 744
0.00119 738
0.0012 732
0.00121 726
0.00122 720
0.00123 714
0.00124 708
0.00125 703
0.00126 697
0.00127 692
0.00128 686
0.00129 681
0.0013 676
0.00131 671
0.00132 666
0.00133 661
0.00134 656
0.00135 651
0.00136 646
0.00137 641
0.00138 637
0.00139 632
0.0014 628
0.00141 623
0.00142 619
0.00143 615
0.00144 610
0.00145 606
0.00146 602
0.00147 598
0.00148 594
0.00149 590
0.0015 586
0.00151 582
0.00152 578
0.00153 575
0.00154 571
0.00155 567
0.00156 564
0.00157 560
0.00158 556
0.00159 553
0.0016 550
0.00161 546
0.00162 543
0.00163 539
0.00164 536
0.00165 533
0.00166 530
0.00167 527
0.00168 524
0.00169 520
0.0017 517
0.00171 514
0.00172 511
0.00173 508
0.00174 506
0.00175 503
0.00176 500
0.00177 497
0.00178 494
0.00179 491
0.0018 489
0.00181 486
0.00182 483
0.00183 481
0.00184 478
0.00185 476
0.00186 473
0.00187 471
0.00188 468
0.00189 466
0.0019 463
0.00191 461
0.00192 458
0.00193 456
0.00194 454
0.00195 451
0.00196 449
0.00197 447
0.00198 445
0.00199 442
0.002 440
0.00201 438
0.00202 436
0.00203 434
0.00204 432
0.00205 429
0.00206 427
0.00207 425
0.00208 423
0.00209 421
0.0021 419
0.00211 417
0.00212 415
0.00213 413
0.00214 412
0.00215 410
0.00216 408
0.00217 406
0.00218 404
0.00219 402
0.0022 400
0.00221 399
0.00222 397
0.00223 395
0.00224 393
0.00225 392
0.00226 390
0.00227 388
0.00228 386
0.00229 385
0.0023 383
0.00231 381
0.00232 380
0.00233 378
0.00234 377
0.00235 375
0.00236 373
0.00237 372
0.00238 370
0.00239 369
0.0024 367
0.00241 366
0.00242 364
0.00243 363
0.00244 361
0.00245 360
0.00246 358
0.00247 357
0.00248 355
0.00249 354
0.0025 353
0.00251 351
0.00252 350
0.00253 348
0.00254 347
0.00255 346
0.00256 344
0.00257 343
0.00258 342
0.00259 340
0.0026 339
0.00261 338
0.00262 337
0.00263 335
0.00264 334
0.00265 333
0.00266 332
0.00267 330
0.00268 329
0.00269 328
0.0027 327
0.00271 325
0.00272 324
0.00273 323
0.00274 322
0.00275 321
0.00276 320
0.00277 318
0.00278 317
0.00279 316
0.0028 315
0.00281 314
0.00282 313
0.00283 312
0.00284 311
0.00285 310
0.00286 309
0.00287 307
0.00288 306
0.00289 305
0.0029 304
0.00291 303
0.00292 302
0.00293 301
0.00294 300
0.00295 299
0.00296 298
0.00297 297
0.00298 296
0.00299 295
0.003 294
0.00301 293
0.00302 292
0.00303 291
0.00304 290
0.00305 289
0.00306 289
0.00307 288
0.00308 287
0.00309 286
0.0031 285
0.00311 284
0.00312 283
0.00313 282
0.00314 281
0.00315 280
0.00316 279
0.00317 279
0.00318 278
0.00319 277
0.0032 276
0.00321 275
0.00322 274
0.00323 273
0.00324 273
0.00325 272
0.00326 271
0.00327 270
0.00328 269
0.00329 269
0.0033 268
0.00331 267
0.00332 266
0.00333 265
0.00334 265
0.00335 264
0.00336 263
0.00337 262
0.00338 261
0.00339 261
0.0034 260
0.00341 259
0.00342 258
0.00343 258
0.00344 257
0.00345 256
0.00346 255
0.00347 255
0.00348 254
0.00349 253
0.0035 253
0.00351 252
0.00352 251
0.00353 250
0.00354 250
0.00355 249
0.00356 248
0.00357 248
0.00358 247
0.00359 246
0.0036 246
0.00361 245
0.00362 244
0.00363 244
0.00364 243
0.00365 242
0.00366 242
0.00367 241
0.00368 240
0.00369 240
0.0037 239
0.00371 238
0.00372 238
0.00373 237
0.00374 237
0.00375 236
0.00376 235
0.00377 235
0.00378 234
0.00379 233
0.0038 233
0.00381 232
0.00382 232
0.00383 231
0.00384 230
0.00385 230
0.00386 229
0.00387 229
0.00388 228
0.00389 228
0.0039 227
0.00391 226
0.00392 226
0.00393 225
0.00394 225
0.00395 224
0.00396 224
0.00397 223
0.00398 222
0.00399 222
0.004 221
0.00401 221
0.00402 220
0.00403 220
0.00404 219
0.00405 219
0.00406 218
0.00407 218
0.00408 217
0.00409 217
0.0041 216
0.00411 215
0.00412 215
0.00413 214
0.00414 214
0.00415 213
0.00416 213
0.00417 212
0.00418 212
0.00419 211
0.0042 211
0.00421 210
0.00422 210
0.00423 209
0.00424 209
0.00425 208
0.00426 208
0.00427 207
0.00428 207
0.00429 207
0.0043 206
0.00431 206
0.00432 205
0.00433 205
0.00434 204
0.00435 204
0.00436 203
0.00437 203
0.00438 202
0.00439 202
0.0044 201
0.00441 201
0.00442 201
0.00443 200
0.00444 200
0.00445 199
0.00446 199
0.00447 198
0.00448 198
0.00449 197
0.0045 197
0.00451 197
0.00452 196
0.00453 196
0.00454 195
0.00455 195
0.00456 194
0.00457 194
0.00458 194
0.00459 193
0.0046 193
0.00461 192
0.00462 192
0.00463 192
0.00464 191
0.00465 191
0.00466 190
0.00467 190
0.00468 190
0.00469 189
0.0047 189
0.00471 188
0.00472 188
0.00473 188
0.00474 187
0.00475 187
0.00476 186
0.00477 186
0.00478 186
0.00479 185
0.0048 185
0.00481 184
0.00482 184
0.00483 184
0.00484 183
0.00485 183
0.00486 183
0.00487 182
0.00488 182
0.00489 181
0.0049 181
0.00491 181
0.00492 180
0.00493 180
0.00494 180
0.00495 179
0.00496 179
0.00497 179
0.00498 178
0.00499 178
0.005 178
0.00501 177
0.00502 177
0.00503 177
0.00504 176
0.00505 176
0.00506 175
0.00507 175
0.00508 175
0.00509 174
0.0051 174
0.00511 174
0.00512 173
0.00513 173
0.00514 173
0.00515 172
0.00516 172
0.00517 172
0.00518 171
0.00519 171
0.0052 171
0.00521 170
0.00522 170
0.00523 170
0.00524 170
0.00525 169
0.00526 169
0.00527 169
0.00528 168
0.00529 168
0.0053 168
0.00531 167
0.00532 167
0.00533 167
0.00534 166
0.00535 166
0.00536 166
0.00537 165
0.00538 165
0.00539 165
0.0054 165
0.00541 164
0.00542 164
0.00543 164
0.00544 163
0.00545 163
0.00546 163
0.00547 163
0.00548 162
0.00549 162
0.0055 162
0.00551 161
0.00552 161
0.00553 161
0.00554 160
0.00555 160
0.00556 160
0.00557 160
0.00558 159
0.00559 159
0.0056 159
0.00561 159
0.00562 158
0.00563 158
0.00564 158
0.00565 157
0.00566 157
0.00567 157
0.00568 157
0.00569 156
0.0057 156
0.00571 156
0.00572 156
0.00573 155
0.00574 155
0.00575 155
0.00576 154
0.00577 154
0.00578 154
0.00579 154
0.0058 153
0.00581 153
0.00582 153
0.00583 153
0.00584 152
0.00585 152
0.00586 152
0.00587 152
0.00588 151
0.00589 151
0.0059 151
0.00591 151
0.00592 150
0.00593 150
0.00594 150
0.00595 150
0.00596 149
0.00597 149
0.00598 149
0.00599 149
0.006 148
0.00601 148
0.00602 148
0.00603 148
0.00604 147
0.00605 147
0.00606 147
0.00607 147
0.00608 146
0.00609 146
0.0061 146
0.00611 146
0.00612 146
0.00613 145
0.00614 145
0.00615 145
0.00616 145
0.00617 144
0.00618 144
0.00619 144
0.0062 144
0.00621 143
0.00622 143
0.00623 143
0.00624 143
0.00625 143
0.00626 142
0.00627 142
0.00628 142
0.00629 142
0.0063 141
0.00631 141
0.00632 141
0.00633 141
0.00634 141
0.00635 140
0.00636 140
0.00637 140
0.00638 140
0.00639 139
0.0064 139
0.00641 139
0.00642 139
0.00643 139
0.00644 138
0.00645 138
0.00646 138
0.00647 138
0.00648 138
0.00649 137
0.0065 137
0.00651 137
0.00652 137
0.00653 137
0.00654 136
0.00655 136
0.00656 136
0.00657 136
0.00658 136
0.00659 135
0.0066 135
0.00661 135
0.00662 135
0.00663 135
0.00664 134
0.00665 134
0.00666 134
0.00667 134
0.00668 134
0.00669 133
0.0067 133
0.00671 133
0.00672 133
0.00673 133
0.00674 132
0.00675 132
0.00676 132
0.00677 132
0.00678 132
0.00679 131
0.0068 131
0.00681 131
0.00682 131
0.00683 131
0.00684 130
0.00685 130
0.00686 130
0.00687 130
0.00688 130
0.00689 130
0.0069 129
0.00691 129
0.00692 129
0.00693 129
0.00694 129
0.00695 128
0.00696 128
0.00697 128
0.00698 128
0.00699 128
0.007 128
0.00701 127
0.00702 127
0.00703 127
0.00704 127
0.00705 127
0.00706 126
0.00707 126
0.00708 126
0.00709 126
0.0071 126
0.00711 126
0.00712 125
0.00713 125
0.00714 125
0.00715 125
0.00716 125
0.00717 125
0.00718 124
0.00719 124
0.0072 124
0.00721 124
0.00722 124
0.00723 124
0.00724 123
0.00725 123
0.00726 123
0.00727 123
0.00728 123
0.00729 123
0.0073 122
0.00731 122
0.00732 122
0.00733 122
0.00734 122
0.00735 122
0.00736 121
0.00737 121
0.00738 121
0.00739 121
0.0074 121
0.00741 121
0.00742 120
0.00743 120
0.00744 120
0.00745 120
0.00746 120
0.00747 120
0.00748 119
0.00749 119
0.0075 119
0.00751 119
0.00752 119
0.00753 119
0.00754 119
0.00755 118
0.00756 118
0.00757 118
0.00758 118
0.00759 118
0.0076 118
0.00761 117
0.00762 117
0.00763 117
0.00764 117
0.00765 117
0.00766 117
0.00767 117
0.00768 116
0.00769 116
0.0077 116
0.00771 116
0.00772 116
0.00773 116
0.00774 116
0.00775 115
0.00776 115
0.00777 115
0.00778 115
0.00779 115
0.0078 115
0.00781 115
0.00782 114
0.00783 114
0.00784 114
0.00785 114
0.00786 114
0.00787 114
0.00788 114
0.00789 113
0.0079 113
0.00791 113
0.00792 113
0.00793 113
0.00794 113
0.00795 113
0.00796 112
0.00797 112
0.00798 112
0.00799 112
0.008 112
0.00801 112
0.00802 112
0.00803 111
0.00804 111
0.00805 111
0.00806 111
0.00807 111
0.00808 111
0.00809 111
0.0081 111
0.00811 110
0.00812 110
0.00813 110
0.00814 110
0.00815 110
0.00816 110
0.00817 110
0.00818 109
0.00819 109
0.0082 109
0.00821 109
0.00822 109
0.00823 109
0.00824 109
0.00825 109
0.00826 108
0.00827 108
0.00828 108
0.00829 108
0.0083 108
0.00831 108
0.00832 108
0.00833 108
0.00834 107
0.00835 107
0.00836 107
0.00837 107
0.00838 107
0.00839 107
0.0084 107
0.00841 107
0.00842 106
0.00843 106
0.00844 106
0.00845 106
0.00846 106
0.00847 106
0.00848 106
0.00849 106
0.0085 105
0.00851 105
0.00852 105
0.00853 105
0.00854 105
0.00855 105
0.00856 105
0.00857 105
0.00858 104
0.00859 104
0.0086 104
0.00861 104
0.00862 104
0.00863 104
0.00864 104
0.00865 104
0.00866 104
0.00867 103
0.00868 103
0.00869 103
0.0087 103
0.00871 103
0.00872 103
0.00873 103
0.00874 103
0.00875 103
0.00876 102
0.00877 102
0.00878 102
0.00879 102
0.0088 102
0.00881 102
0.00882 102
0.00883 102
0.00884 101
0.00885 101
0.00886 101
0.00887 101
0.00888 101
0.00889 101
0.0089 101
0.00891 101
0.00892 101
0.00893 100
0.00894 100
0.00895 100
0.00896 100
0.00897 100
0.00898 100
0.00899 100
0.009 100
0.00901 100
0.00902 100
0.00903 99
0.00904 99
0.00905 99
0.00906 99
0.00907 99
0.00908 99
0.00909 99
0.0091 99
0.00911 99
0.00912 98
0.00913 98
0.00914 98
0.00915 98
0.00916 98
0.00917 98
0.00918 98
0.00919 98
0.0092 98
0.00921 98
0.00922 97
0.00923 97
0.00924 97
0.00925 97
0.00926 97
0.00927 97
0.00928 97
0.00929 97
0.0093 97
0.00931 96
0.00932 96
0.00933 96
0.00934 96
0.00935 96
0.00936 96
0.00937 96
0.00938 96
0.00939 96
0.0094 96
0.00941 95
0.00942 95
0.00943 95
0.00944 95
0.00945 95
0.00946 95
0.00947 95
0.00948 95
0.00949 95
0.0095 95
0.00951 95
0.00952 94
0.00953 94
0.00954 94
0.00955 94
0.00956 94
0.00957 94
0.00958 94
0.00959 94
0.0096 94
0.00961 94
0.00962 93
0.00963 93
0.00964 93
0.00965 93
0.00966 93
0.00967 93
0.00968 93
0.00969 93
0.0097 93
0.00971 93
0.00972 93
0.00973 92
0.00974 92
0.00975 92
0.00976 92
0.00977 92
0.00978 92
0.00979 92
0.0098 92
0.00981 92
0.00982 92
0.00983 92
0.00984 91
0.00985 91
0.00986 91
0.00987 91
0.00988 91
0.00989 91
0.0099 91
0.00991 91
0.00992 91
0.00993 91
0.00994 91
0.00995 90
0.00996 90
0.00997 90
0.00998 90
0.00999 90
