126
0.1 0.3048 0.3048 0.1 
0.10310295 0.30169196 0.2835448 0.13485028 
0.1060931 0.29746238 0.26850562 0.16022787 
0.1089631 0.29264348 0.25775858 0.17874636 
0.11171109 0.2875824 0.24996516 0.19226892 
0.11433862 0.28250011 0.24419574 0.20212844 
0.11684929 0.27753218 0.23980613 0.20928243 
0.11924787 0.27275696 0.23635118 0.21442207 
0.12153967 0.26821493 0.23352434 0.21804908 
0.12373016 0.263922 0.23111549 0.22053005 
0.12582476 0.25987856 0.22898137 0.22213473 
0.12782861 0.25607555 0.22702507 0.22306327 
0.12974661 0.25249857 0.22518165 0.2234655 
0.13158329 0.24913057 0.22340814 0.22345461 
0.13334283 0.24595356 0.22167664 0.22311702 
0.13502909 0.24294969 0.21996946 0.22251938 
0.1366456 0.24010197 0.21827582 0.22171364 
0.13819558 0.23739455 0.21658953 0.22074071 
0.139682 0.23481293 0.21490742 0.21963312 
0.14110757 0.23234401 0.21322827 0.21841701 
0.14247478 0.22997606 0.21155206 0.21711354 
0.14378591 0.22769863 0.2098795 0.21573999 
0.14504309 0.22550247 0.20821169 0.21431056 
0.14624827 0.22337944 0.2065499 0.21283702 
0.14740325 0.22132236 0.20489546 0.21132913 
0.14850974 0.21932493 0.20324963 0.20979505 
0.14956931 0.21738164 0.20161362 0.20824161 
0.15058344 0.21548764 0.19998849 0.20667456 
0.15155352 0.21363869 0.19837518 0.20509873 
0.15248086 0.21183109 0.19677452 0.20351818 
0.15336672 0.21006158 0.19518721 0.20193635 
0.15421227 0.2083273 0.19361382 0.20035613 
0.15501863 0.20662575 0.19205483 0.19877993 
0.15578688 0.20495474 0.19051063 0.19720981 
0.15651804 0.20331232 0.18898152 0.19564748 
0.1572131 0.20169678 0.18746772 0.19409436 
0.157873 0.20010661 0.18596939 0.19255164 
0.15849865 0.19854047 0.18448665 0.19102032 
0.15909094 0.19699717 0.18301955 0.18950118 
0.1596507 0.19547566 0.1815681 0.1879949 
0.16017877 0.19397499 0.18013229 0.186502 
0.16067593 0.1924943 0.17871207 0.1850229 
0.16114296 0.19103284 0.17730735 0.18355792 
0.1615806 0.18958992 0.17591804 0.18210731 
0.16198959 0.18816492 0.17454403 0.18067125 
0.16237063 0.18675726 0.17318518 0.17924984 
0.16272442 0.18536644 0.17184135 0.17784317 
0.16305161 0.18399196 0.17051238 0.17645125 
0.16335287 0.18263341 0.16919811 0.17507407 
0.16362883 0.18129037 0.16789837 0.1737116 
0.16388012 0.17996247 0.16661299 0.17236376 
0.16410733 0.17864935 0.16534178 0.17103047 
0.16431108 0.17735069 0.16408456 0.16971163 
0.16449193 0.17606619 0.16284115 0.16840711 
0.16465044 0.17479555 0.16161136 0.16711678 
0.16478718 0.1735385 0.16039501 0.16584049 
0.16490268 0.17229478 0.15919191 0.1645781 
0.16499748 0.17106414 0.15800187 0.16332945 
0.16507207 0.16984634 0.1568247 0.16209437 
0.16512698 0.16864116 0.15566023 0.1608727 
0.1651627 0.16744837 0.15450827 0.15966426 
0.1651797 0.16626778 0.15336864 0.15846889 
0.16517846 0.16509917 0.15224116 0.15728641 
0.16515944 0.16394235 0.15112565 0.15611665 
0.1651231 0.16279714 0.15002194 0.15495942 
0.16506987 0.16166334 0.14892985 0.15381457 
0.16500019 0.16054078 0.14784921 0.1526819 
0.16491449 0.1594293 0.14677987 0.15156126 
0.16481317 0.15832871 0.14572164 0.15045247 
0.16469664 0.15723886 0.14467437 0.14935537 
0.1645653 0.15615958 0.14363789 0.14826977 
0.16441954 0.15509073 0.14261205 0.14719552 
0.16425973 0.15403214 0.1415967 0.14613245 
0.16408625 0.15298367 0.14059167 0.14508041 
0.16389947 0.15194517 0.13959683 0.14403922 
0.16369973 0.1509165 0.13861201 0.14300874 
0.16348739 0.14989752 0.13763708 0.1419888 
0.16326278 0.14888809 0.13667189 0.14097926 
0.16302625 0.14788808 0.1357163 0.13997997 
0.16277811 0.14689736 0.13477017 0.13899077 
0.16251869 0.14591579 0.13383338 0.13801151 
0.1622483 0.14494326 0.13290577 0.13704207 
0.16196724 0.14397963 0.13198722 0.13608229 
0.16167582 0.14302479 0.13107761 0.13513203 
0.16137433 0.14207862 0.1301768 0.13419117 
0.16106304 0.14114099 0.12928468 0.13325955 
0.16074226 0.1402118 0.12840111 0.13233706 
0.16041224 0.13929093 0.12752598 0.13142357 
0.16007325 0.13837827 0.12665917 0.13051894 
0.15972557 0.13747371 0.12580057 0.12962304 
0.15936944 0.13657714 0.12495005 0.12873577 
0.15900511 0.13568846 0.12410751 0.12785698 
0.15863284 0.13480757 0.12327284 0.12698658 
0.15825287 0.13393436 0.12244593 0.12612443 
0.15786542 0.13306873 0.12162667 0.12527042 
0.15747073 0.13221059 0.12081496 0.12442445 
0.15706902 0.13135984 0.12001069 0.12358639 
0.15666052 0.13051638 0.11921377 0.12275615 
0.15624544 0.12968013 0.11842409 0.12193361 
0.15582399 0.12885098 0.11764156 0.12111866 
0.15539637 0.12802885 0.11686608 0.12031121 
0.15496279 0.12721366 0.11609756 0.11951115 
0.15452344 0.12640531 0.11533591 0.11871838 
0.15407852 0.12560372 0.11458103 0.11793281 
0.15362822 0.1248088 0.11383283 0.11715433 
0.15317272 0.12402048 0.11309123 0.11638286 
0.15271219 0.12323866 0.11235614 0.11561829 
0.15224682 0.12246328 0.11162747 0.11486054 
0.15177678 0.12169425 0.11090515 0.11410952 
0.15130224 0.12093149 0.11018909 0.11336513 
0.15082336 0.12017494 0.1094792 0.1126273 
0.1503403 0.11942451 0.10877542 0.11189593 
0.14985322 0.11868012 0.10807765 0.11117094 
0.14936227 0.11794172 0.10738584 0.11045225 
0.14886761 0.11720922 0.10669989 0.10973977 
0.14836938 0.11648257 0.10601974 0.10903344 
0.14786772 0.11576168 0.10534531 0.10833316 
0.14736278 0.11504649 0.10467653 0.10763887 
0.14685469 0.11433693 0.10401334 0.10695047 
0.14634359 0.11363294 0.10335566 0.10626791 
0.1458296 0.11293446 0.10270342 0.10559111 
0.14531286 0.11224142 0.10205655 0.10491999 
0.14479349 0.11155375 0.101415 0.10425449 
0.14427161 0.1108714 0.1007787 0.10359453 
0.14374734 0.11019431 0.10014757 0.10294004 
0.14322081 0.10952241 0.09952157 0.10229097 
