1000
1 0 
1 -0.066666667 
0.99866667 -0.13333333 
0.996 -0.19991111 
0.99200178 -0.26631111 
0.98667556 -0.33244456 
0.98002666 -0.39822293 
0.97206221 -0.46355804 
0.96279104 -0.52836219 
0.9522238 -0.59254826 
0.94037284 -0.65602985 
0.92725224 -0.71872137 
0.91287781 -0.78053819 
0.89726705 -0.84139671 
0.88043911 -0.90121451 
0.86241482 -0.95991045 
0.84321661 -1.0174048 
0.82286852 -1.0736192 
0.80139613 -1.1284771 
0.77882659 -1.1819035 
0.75518852 -1.2338253 
0.73051202 -1.2841712 
0.70482859 -1.332872 
0.67817115 -1.3798606 
0.65057394 -1.425072 
0.6220725 -1.4684436 
0.59270363 -1.5099151 
0.56250533 -1.5494287 
0.53151675 -1.586929 
0.49977817 -1.6223635 
0.46733091 -1.655682 
0.43421727 -1.6868374 
0.40048052 -1.7157852 
0.36616481 -1.7424839 
0.33131513 -1.7668949 
0.29597724 -1.7889826 
0.26019759 -1.8087144 
0.2240233 -1.8260609 
0.18750208 -1.8409958 
0.15068216 -1.8534959 
0.11361224 -1.8635414 
0.076341417 -1.8711156 
0.038919106 -1.876205 
0.0013950061 -1.8787996 
-0.036180986 -1.8788926 
-0.073758837 -1.8764805 
-0.11128845 -1.8715633 
-0.14871971 -1.864144 
-0.18600259 -1.8542294 
-0.22308718 -1.8418292 
-0.25992377 -1.8269567 
-0.2964629 -1.8096285 
-0.33265547 -1.7898643 
-0.36845276 -1.7676873 
-0.4038065 -1.7431237 
-0.43866898 -1.7162033 
-0.47299304 -1.6869587 
-0.50673222 -1.6554258 
-0.53984073 -1.6216437 
-0.57227361 -1.5856543 
-0.60398669 -1.5475027 
-0.63493675 -1.507237 
-0.66508149 -1.4649078 
-0.69437964 -1.4205691 
-0.72279103 -1.3742771 
-0.75027657 -1.326091 
-0.77679839 -1.2760726 
-0.80231984 -1.224286 
-0.82680556 -1.170798 
-0.85022152 -1.1156777 
-0.87253508 -1.0589962 
-0.893715 -1.0008272 
-0.91373155 -0.94124624 
-0.93255647 -0.8803308 
-0.95016309 -0.81816037 
-0.96652629 -0.75481616 
-0.98162262 -0.69038108 
-0.99543024 -0.62493957 
-1.007929 -0.55857755 
-1.0191006 -0.49138228 
-1.0289282 -0.42344224 
-1.0373971 -0.35484703 
-1.044494 -0.28568722 
-1.0502078 -0.21605429 
-1.0545288 -0.14604044 
-1.0574497 -0.075738517 
-1.0589644 -0.0052418738 
-1.0590693 0.065355754 
-1.0577621 0.13596037 
-1.0550429 0.20647785 
-1.0509134 0.27681404 
-1.0453771 0.34687494 
-1.0384396 0.41656674 
-1.0301083 0.48579605 
-1.0203923 0.55446993 
-1.0093029 0.62249609 
-0.99685302 0.68978295 
-0.98305736 0.75623982 
-0.96793257 0.82177698 
-0.95149703 0.88630582 
-0.93377091 0.94973895 
-0.91477613 1.0119903 
-0.89453633 1.0729754 
-0.87307682 1.1326112 
-0.85042459 1.1908163 
-0.82660827 1.2475113 
-0.80165804 1.3026185 
-0.77560567 1.3560624 
-0.74848443 1.4077694 
-0.72032904 1.4576684 
-0.69117567 1.5056903 
-0.66106186 1.5517687 
-0.63002649 1.5958395 
-0.5981097 1.6378412 
-0.56535288 1.6777152 
-0.53179857 1.7154054 
-0.49749046 1.7508586 
-0.46247329 1.7840247 
-0.4267928 1.8148562 
-0.39049567 1.8433091 
-0.35362949 1.8693421 
-0.31624265 1.8929174 
-0.2783843 1.9140003 
-0.2401043 1.9325592 
-0.20145311 1.9485662 
-0.16248179 1.9619964 
-0.12324186 1.9728285 
-0.08378529 1.9810446 
-0.044164397 1.9866303 
-0.0044317909 1.9895746 
0.035359701 1.9898701 
0.075157102 1.9875127 
0.11490736 1.9825023 
0.1545574 1.9748418 
0.19405424 1.964538 
0.233345 1.951601 
0.27237702 1.9360447 
0.31109791 1.9178862 
0.34945564 1.8971463 
0.38739856 1.8738493 
0.42487555 1.8480227 
0.461836 1.8196977 
0.49822996 1.7889086 
0.53400813 1.7556933 
0.56912199 1.7200928 
0.60352385 1.6821513 
0.63716688 1.6419164 
0.6700052 1.5994386 
0.70199397 1.5547716 
0.73308941 1.507972 
0.76324885 1.4590993 
0.79243083 1.4082161 
0.82059515 1.3553874 
0.8477029 1.300681 
0.87371652 1.2441675 
0.89859987 1.1859197 
0.92231826 1.1260131 
0.94483853 1.0645252 
0.96612903 1.0015359 
0.98615975 0.93712734 
1.0049023 0.87138336 
1.02233 0.80438987 
1.0384178 0.73623454 
1.0531425 0.66700669 
1.0664826 0.59679719 
1.0784185 0.52569835 
1.0889325 0.45380378 
1.0980086 0.38120828 
1.1056327 0.30800771 
1.1117929 0.23429886 
1.1164789 0.16017934 
1.1196825 0.085747413 
1.1213974 0.011101916 
1.1216194 -0.063657911 
1.1203463 -0.13843254 
1.1175776 -0.21312229 
1.1133152 -0.28762747 
1.1075626 -0.36184848 
1.1003257 -0.43568599 
1.0916119 -0.50904103 
1.0814311 -0.58181516 
1.0697948 -0.65391057 
1.0567166 -0.72523023 
1.042212 -0.795678 
1.0262984 -0.8651588 
1.0089953 -0.9335787 
0.9903237 -1.000845 
0.9703068 -1.0668666 
0.94896946 -1.1315537 
0.92633839 -1.1948184 
0.90244202 -1.2565743 
0.87731054 -1.3167371 
0.85097579 -1.3752244 
0.82347131 -1.4319562 
0.79483218 -1.4868543 
0.7650951 -1.5398431 
0.73429824 -1.5908494 
0.70248125 -1.6398026 
0.6696852 -1.6866347 
0.6359525 -1.7312804 
0.60132689 -1.7736772 
0.56585335 -1.8137657 
0.52957804 -1.8514892 
0.49254825 -1.8867944 
0.45481236 -1.919631 
0.41641974 -1.9499518 
0.37742071 -1.9777131 
0.33786644 -2.0028745 
0.29780895 -2.0253989 
0.25730098 -2.0452529 
0.21639592 -2.0624063 
0.17514779 -2.0768327 
0.13361114 -2.0885092 
0.091840957 -2.0974166 
0.049892625 -2.1035393 
0.0078218386 -2.1068655 
-0.034315471 -2.1073869 
-0.07646321 -2.1050992 
-0.1185652 -2.1000017 
-0.16056523 -2.0920974 
-0.20240718 -2.081393 
-0.24403504 -2.0678992 
-0.28539302 -2.0516302 
-0.32642562 -2.032604 
-0.3670777 -2.0108423 
-0.40729455 -1.9863704 
-0.44702196 -1.9592175 
-0.48620631 -1.929416 
-0.52479463 -1.8970022 
-0.56273467 -1.8620159 
-0.59997499 -1.8245003 
-0.636465 -1.784502 
-0.67215504 -1.742071 
-0.70699646 -1.6972606 
-0.74094167 -1.6501275 
-0.77394422 -1.6007314 
-0.80595885 -1.5491351 
-0.83694155 -1.4954045 
-0.86684964 -1.4396084 
-0.89564181 -1.3818185 
-0.92327818 -1.322109 
-0.94972036 -1.2605571 
-0.9749315 -1.1972424 
-0.99887635 -1.132247 
-1.0215213 -1.0656553 
-1.0428344 -0.99755383 
-1.0627855 -0.92803154 
-1.0813461 -0.85717918 
-1.0984897 -0.78508944 
-1.1141915 -0.71185679 
-1.1284286 -0.63757736 
-1.1411802 -0.56234878 
-1.1524271 -0.48627011 
-1.1621525 -0.40944163 
-1.1703414 -0.3319648 
-1.1769807 -0.25394204 
-1.1820595 -0.17547666 
-1.185569 -0.096672693 
-1.1875025 -0.017634757 
-1.1878552 0.061532076 
-1.1866245 0.14072242 
-1.1838101 0.21983072 
-1.1794135 0.2987514 
-1.1734385 0.37737896 
-1.1658909 0.45560819 
-1.1567787 0.53333425 
-1.146112 0.61045283 
-1.133903 0.6868603 
-1.1201658 0.76245383 
-1.1049167 0.83713155 
-1.0881741 0.91079266 
-1.0699582 0.9833376 
-1.0502915 1.0546681 
-1.0291981 1.1246876 
-1.0067043 1.1933008 
-0.98283832 1.2604144 
-0.95763003 1.325937 
-0.93111129 1.389779 
-0.90331572 1.451853 
-0.87427865 1.5120741 
-0.84403717 1.5703593 
-0.81262999 1.6266285 
-0.78009742 1.6808038 
-0.74648134 1.7328103 
-0.71182513 1.7825757 
-0.67617362 1.8300307 
-0.639573 1.875109 
-0.60207082 1.9177472 
-0.56371588 1.9578852 
-0.52455818 1.9954663 
-0.48464885 2.0304368 
-0.44404011 2.0627468 
-0.40278518 2.0923494 
-0.36093819 2.1192018 
-0.31855415 2.1432643 
-0.27568887 2.1645013 
-0.23239884 2.1828805 
-0.18874123 2.1983738 
-0.14477375 2.2109565 
-0.10055462 2.2206081 
-0.056142461 2.2273118 
-0.011596226 2.2310546 
0.033024866 2.2318277 
0.07766142 2.229626 
0.12225394 2.2244486 
0.16674291 2.2162983 
0.21106888 2.2051821 
0.25517252 2.1911109 
0.29899474 2.1740994 
0.34247673 2.1541664 
0.38556005 2.1313346 
0.42818675 2.1056306 
0.47029936 2.0770848 
0.51184105 2.0457315 
0.55275569 2.0116088 
0.59298786 1.9747584 
0.63248303 1.9352259 
0.67118755 1.8930604 
0.70904875 1.8483145 
0.74601504 1.8010446 
0.78203594 1.7513103 
0.81706214 1.6991745 
0.85104563 1.6447037 
0.88393971 1.5879674 
0.91569905 1.529038 
0.94627982 1.4679914 
0.97563964 1.4049061 
1.0037378 1.3398635 
1.030535 1.2729476 
1.055994 1.2042453 
1.0800789 1.1338457 
1.1027558 1.0618404 
1.1239926 0.98832337 
1.1437591 0.91339053 
1.1620269 0.83713993 
1.1787697 0.75967147 
1.1939631 0.68108682 
1.2075849 0.60148928 
1.2196146 0.52098362 
1.2300343 0.43967598 
1.2388278 0.35767369 
1.2459813 0.27508517 
1.251483 0.19201975 
1.2553234 0.10858755 
1.2574952 0.024899319 
1.2579931 -0.058933692 
1.2568145 -0.1427999 
1.2539585 -0.22658753 
1.2494267 -0.31018476 
1.243223 -0.39347988 
1.2353534 -0.47636141 
1.2258262 -0.55871831 
1.2146518 -0.64044006 
1.201843 -0.72141685 
1.1874147 -0.80153971 
1.1713839 -0.88070069 
1.1537699 -0.95879295 
1.134594 -1.0357109 
1.1138798 -1.1113505 
1.0916528 -1.1856092 
1.0679406 -1.2583861 
1.0427729 -1.3295821 
1.0161813 -1.3991003 
0.98819925 -1.4668457 
0.95886233 -1.5327257 
0.92820782 -1.5966498 
0.89627482 -1.6585303 
0.86310422 -1.718282 
0.82873858 -1.7758223 
0.79322213 -1.8310715 
0.7566007 -1.883953 
0.71892164 -1.934393 
0.68023378 -1.9823211 
0.64058736 -2.0276701 
0.60003396 -2.0703759 
0.55862644 -2.1103781 
0.51641888 -2.1476199 
0.47346648 -2.1820478 
0.42982552 -2.2136123 
0.38555328 -2.2422673 
0.34070793 -2.2679709 
0.29534851 -2.2906847 
0.24953482 -2.3103746 
0.20332733 -2.3270103 
0.15678712 -2.3405654 
0.10997581 -2.3510179 
0.062955455 -2.3583496 
0.015788462 -2.3625467 
-0.031462471 -2.3635992 
-0.078734455 -2.3615017 
-0.12596449 -2.3562528 
-0.17308954 -2.3478551 
-0.22004665 -2.3363158 
-0.26677296 -2.321646 
-0.31320588 -2.3038612 
-0.35928311 -2.2829808 
-0.40494272 -2.2590286 
-0.45012329 -2.2320324 
-0.49476394 -2.2020242 
-0.53880443 -2.1690399 
-0.58218522 -2.1331196 
-0.62484762 -2.0943073 
-0.66673376 -2.0526508 
-0.70778678 -2.0082018 
-0.74795081 -1.9610161 
-0.78717114 -1.9111527 
-0.82539419 -1.8586746 
-0.86256768 -1.8036483 
-0.89864065 -1.7461438 
-0.93356352 -1.6862344 
-0.96728821 -1.6239969 
-0.99976815 -1.559511 
-1.0309584 -1.4928598 
-1.0608156 -1.4241292 
-1.0892981 -1.3534082 
-1.1163663 -1.2807883 
-1.1419821 -1.2063639 
-1.1661094 -1.1302317 
-1.188714 -1.0524911 
-1.2097638 -0.97324352 
-1.2292287 -0.89259259 
-1.2470805 -0.81064402 
-1.2632934 -0.72750531 
-1.2778435 -0.64328575 
-1.2907092 -0.55809618 
-1.3018712 -0.4720489 
-1.3113121 -0.38525749 
-1.3190173 -0.29783668 
-1.324974 -0.2099022 
-1.3291721 -0.12157059 
-1.3316035 -0.032959124 
-1.3322627 0.055814442 
-1.3311464 0.14463195 
-1.3282537 0.23337504 
-1.3235862 0.32192529 
-1.3171477 0.41016437 
-1.3089444 0.49797422 
-1.298985 0.58523719 
-1.2872802 0.67183618 
-1.2738435 0.75765486 
-1.2586904 0.84257776 
-1.2418388 0.92649045 
-1.223309 1.0092797 
-1.2031234 1.0908336 
-1.1813068 1.1710419 
-1.1578859 1.2497957 
-1.13289 1.3269881 
-1.1063502 1.4025141 
-1.0783 1.4762707 
-1.0487746 1.5481574 
-1.0178114 1.6180757 
-0.98544989 1.6859298 
-0.95173129 1.7516265 
-0.91669876 1.8150752 
-0.88039726 1.8761885 
-0.84287349 1.9348816 
-0.80417586 1.9910732 
-0.76435439 2.0446849 
-0.7234607 2.0956419 
-0.68154786 2.1438726 
-0.63867041 2.1893091 
-0.59488423 2.2318871 
-0.55024648 2.2715461 
-0.50481556 2.3082292 
-0.45865098 2.3418835 
-0.41181331 2.3724603 
-0.3643641 2.3999145 
-0.31636581 2.4242054 
-0.2678817 2.4452965 
-0.21897577 2.4631553 
-0.16971267 2.4777537 
-0.12015759 2.4890678 
-0.070376238 2.4970783 
-0.020434671 2.5017701 
0.02960073 2.5031324 
0.079663378 2.501159 
0.12968656 2.4958481 
0.17960352 2.4872024 
0.22934757 2.4752288 
0.27885214 2.4599389 
0.32805092 2.4413488 
0.3768779 2.4194787 
0.42526747 2.3943536 
0.47315454 2.3660024 
0.52047459 2.3344587 
0.56716377 2.2997604 
0.61315898 2.2619495 
0.65839797 2.2210723 
0.70281941 2.1771791 
0.74636299 2.1303244 
0.78896948 2.0805669 
0.83058082 2.0279689 
0.8711402 1.9725969 
0.91059214 1.9145209 
0.94888255 1.8538147 
0.98595885 1.7905559 
1.02177 1.7248253 
1.0562665 1.6567073 
1.0894006 1.5862895 
1.1211264 1.5136628 
1.1513997 1.4389211 
1.1801781 1.3621611 
1.2074213 1.2834826 
1.233091 1.2029878 
1.2571507 1.1207817 
1.2795664 1.0369717 
1.3003058 0.95166726 
1.3193391 0.86498021 
1.3366387 0.77702427 
1.3521792 0.68791502 
1.3659375 0.59776974 
1.3778929 0.50670724 
1.3880271 0.41484771 
1.396324 0.32231257 
1.4027703 0.2292243 
1.4073548 0.13570629 
1.4100689 0.041882637 
1.4109065 -0.052121955 
1.4098641 -0.14618239 
1.4069404 -0.24017333 
1.402137 -0.33396936 
1.3954576 -0.42744516 
1.3869087 -0.52047566 
1.3764992 -0.61293624 
1.3642404 -0.70470285 
1.3501464 -0.79565222 
1.3342333 -0.88566198 
1.3165201 -0.97461087 
1.2970279 -1.0623789 
1.2757803 -1.1488474 
1.2528034 -1.2338994 
1.2281254 -1.3174196 
1.201777 -1.3992947 
1.1737911 -1.4794131 
1.1442028 -1.5576659 
1.1130495 -1.6339461 
1.0803706 -1.7081494 
1.0462076 -1.7801741 
1.0106041 -1.8499212 
0.97360569 -1.9172948 
0.9352598 -1.9822019 
0.89561576 -2.0445525 
0.85472471 -2.1042603 
0.8126395 -2.1612419 
0.76941466 -2.2154179 
0.72510631 -2.2667122 
0.67977206 -2.3150526 
0.63347101 -2.3603707 
0.5862636 -2.4026022 
0.53821155 -2.4416864 
0.48937782 -2.4775672 
0.43982648 -2.5101923 
0.38962263 -2.5395141 
0.33883235 -2.565489 
0.28752257 -2.5880778 
0.23576102 -2.607246 
0.1836161 -2.6229634 
0.13115683 -2.6352044 
0.078452743 -2.6439482 
0.025573779 -2.6491784 
-0.027409789 -2.6508833 
-0.080427455 -2.649056 
-0.13340858 -2.6436942 
-0.18628246 -2.6348003 
-0.23897846 -2.6223814 
-0.29142609 -2.6064495 
-0.34355508 -2.5870211 
-0.39529551 -2.5641175 
-0.44657785 -2.5377644 
-0.49733314 -2.5079926 
-0.54749299 -2.474837 
-0.59698973 -2.4383375 
-0.64575648 -2.3985382 
-0.69372725 -2.3554877 
-0.740837 -2.3092393 
-0.78702179 -2.2598501 
-0.83221879 -2.207382 
-0.87636643 -2.1519008 
-0.91940445 -2.0934763 
-0.96127397 -2.0321827 
-1.0019176 -1.9680978 
-1.0412796 -1.9013033 
-1.0793056 -1.8318846 
-1.1159433 -1.7599309 
-1.151142 -1.6855347 
-1.1848527 -1.6087919 
-1.2170285 -1.5298017 
-1.2476245 -1.4486665 
-1.2765979 -1.3654915 
-1.3039077 -1.280385 
-1.3295154 -1.1934578 
-1.3533845 -1.1048234 
-1.375481 -1.0145978 
-1.395773 -0.92289908 
-1.4142309 -0.82984755 
-1.4308279 -0.73556548 
-1.4455392 -0.64017696 
-1.4583427 -0.54380768 
-1.4692189 -0.44658483 
-1.4781506 -0.3486369 
-1.4851233 -0.25009353 
-1.4901252 -0.15108531 
-1.4931469 -0.051743625 
-1.4941818 0.047799502 
-1.4932258 0.14741162 
-1.4902776 0.24696001 
-1.4853384 0.34631184 
-1.4784121 0.4453344 
-1.4695054 0.54389521 
-1.4586275 0.64186224 
-1.4457903 0.73910407 
-1.4310082 0.83549009 
-1.4142984 0.93089064 
-1.3956806 1.0251772 
-1.375177 1.1182226 
-1.3528126 1.209901 
-1.3286146 1.3000885 
-1.3026128 1.3886629 
-1.2748395 1.4755037 
-1.2453295 1.560493 
-1.2141196 1.643515 
-1.1812493 1.7244563 
-1.1467602 1.8032062 
-1.1106961 1.8796569 
-1.0731029 1.9537033 
-1.0340289 2.0252435 
-0.99352399 2.0941788 
-0.95164041 2.1604137 
-0.90843214 2.2238564 
-0.86395501 2.2844185 
-0.81826664 2.3420155 
-0.77142633 2.3965666 
-0.72349499 2.4479951 
-0.67453509 2.4962281 
-0.62461053 2.5411971 
-0.57378659 2.5828378 
-0.52212983 2.6210902 
-0.46970803 2.6558989 
-0.41659005 2.6872127 
-0.3628458 2.7149854 
-0.30854609 2.7391751 
-0.25376259 2.7597449 
-0.19856769 2.7766624 
-0.14303444 2.7899002 
-0.087236437 2.7994359 
-0.03124772 2.8052516 
0.024857313 2.8073348 
0.081004009 2.8056776 
0.13711756 2.8002774 
0.19312311 2.7911362 
0.24894583 2.7782613 
0.30451106 2.7616649 
0.35974436 2.7413642 
0.41457164 2.7173812 
0.46891927 2.6897431 
0.52271413 2.6584819 
0.57588377 2.6236342 
0.62835645 2.585242 
0.68006129 2.5433516 
0.73092832 2.4980141 
0.78088861 2.4492856 
0.82987432 2.3972263 
0.87781884 2.3419014 
0.92465687 2.2833801 
0.97032448 2.2217363 
1.0147592 2.157048 
1.0579002 2.0893974 
1.0996881 2.0188708 
1.1400655 1.9455582 
1.1789767 1.8695538 
1.2163678 1.7909554 
1.2521869 1.7098642 
1.2863842 1.6263851 
1.3189119 1.5406261 
1.3497244 1.4526987 
1.3787784 1.3627171 
1.4060327 1.2707985 
1.4314487 1.177063 
1.4549899 1.0816331 
1.4766226 0.98463375 
1.4963153 0.88619225 
1.5140391 0.7864379 
1.5297679 0.68550195 
1.5434779 0.58351743 
1.5551483 0.4806189 
1.5647606 0.37694235 
1.5722995 0.27262498 
1.577752 0.16780501 
1.5811081 0.062621546 
1.5823605 -0.04278566 
1.5815048 -0.14827636 
1.5785393 -0.25371001 
1.5734651 -0.35894597 
1.5662862 -0.46384364 
1.5570093 -0.56826271 
1.545644 -0.67206333 
1.5322028 -0.77510627 
1.5167006 -0.87725312 
1.4991556 -0.97836649 
1.4795882 -1.0783102 
1.458022 -1.1769494 
1.434483 -1.2741509 
1.409 -1.3697831 
1.3816044 -1.4637164 
1.35233 -1.5558234 
1.3212136 -1.6459787 
1.288294 -1.7340596 
1.2536128 -1.8199459 
1.2172139 -1.9035201 
1.1791435 -1.9846677 
1.1394501 -2.0632772 
1.0981846 -2.1392406 
1.0553998 -2.2124529 
1.0111507 -2.2828129 
0.96549446 -2.3502229 
0.91849001 -2.4145892 
0.87019822 -2.4758219 
0.82068178 -2.5338351 
0.77000508 -2.5885472 
0.71823414 -2.6398809 
0.66543652 -2.6877632 
0.61168126 -2.7321256 
0.55703874 -2.7729043 
0.50158066 -2.8100403 
0.44537985 -2.843479 
0.38851027 -2.873171 
0.33104685 -2.8990716 
0.27306542 -2.9211414 
0.21464259 -2.9393458 
0.15585568 -2.9536553 
0.096782569 -2.9640457 
0.037501656 -2.9704979 
-0.021908301 -2.972998 
-0.081368261 -2.9715374 
-0.14079901 -2.9661129 
-0.20012127 -2.9567263 
-0.25925579 -2.9433848 
-0.31812349 -2.9261011 
-0.37664551 -2.9048929 
-0.43474337 -2.8797832 
-0.49233903 -2.8508003 
-0.54935504 -2.8179777 
-0.60571459 -2.781354 
-0.66134167 -2.7409731 
-0.71616113 -2.6968836 
-0.77009881 -2.6491395 
-0.8230816 -2.5977996 
-0.87503759 -2.5429275 
-0.92589614 -2.4845917 
-0.97558797 -2.4228653 
-1.0240453 -2.3578261 
-1.0712018 -2.2895564 
-1.1169929 -2.2181429 
-1.1613558 -2.1436767 
-1.2042293 -2.066253 
-1.2455544 -1.9859711 
-1.2852738 -1.9029341 
-1.3233325 -1.8172492 
-1.3596775 -1.729027 
-1.394258 -1.6383818 
-1.4270256 -1.5454313 
-1.4579343 -1.4502963 
-1.4869402 -1.3531007 
-1.5140022 -1.2539713 
-1.5390816 -1.1530378 
-1.5621424 -1.0504324 
-1.583151 -0.94628956 
-1.6020768 -0.84074615 
-1.6188918 -0.73394103 
-1.6335706 -0.62601491 
-1.6460909 -0.51711021 
-1.6564331 -0.40737082 
-1.6645805 -0.29694195 
-1.6705193 -0.18596991 
-1.6742387 -0.074601958 
-1.6757308 0.037013957 
-1.6749905 0.14872934 
-1.6720159 0.26039537 
-1.666808 0.3718631 
-1.6593707 0.48298363 
-1.6497111 0.59360835 
-1.6378389 0.70358909 
-1.6237671 0.81277835 
-1.6075115 0.92102949 
-1.589091 1.0281969 
-1.568527 1.1341363 
-1.5458443 1.2387048 
-1.5210702 1.3417611 
-1.494235 1.4431658 
-1.4653717 1.5427814 
-1.434516 1.6404729 
-1.4017066 1.7361073 
-1.3669844 1.8295544 
-1.3303933 1.9206867 
-1.2919796 2.0093796 
-1.251792 2.0955115 
-1.2098818 2.1789643 
-1.1663025 2.2596231 
-1.12111 2.3373766 
-1.0743625 2.4121173 
-1.0261202 2.4837415 
-0.97644533 2.5521495 
-0.92540234 2.6172458 
-0.87305742 2.6789393 
-0.81947864 2.7371431 
-0.76473577 2.791775 
-0.70890027 2.8427574 
-0.65204512 2.8900174 
-0.59424478 2.9334871 
-0.53557503 2.9731034 
-0.47611296 3.0088084 
-0.4159368 3.0405493 
-0.35512581 3.0682784 
-0.29376024 3.0919535 
-0.23192117 3.1115375 
-0.16969042 3.1269989 
-0.10715044 3.1383116 
-0.044384212 3.145455 
0.018524888 3.1484139 
0.081493166 3.1471789 
0.14443674 3.141746 
0.20727167 3.1321169 
0.269914 3.1182988 
0.33227998 3.1003045 
0.39428607 3.0781525 
0.45584912 3.0518668 
0.51688646 3.0214769 
0.577316 2.9870178 
0.63705635 2.94853 
0.69602695 2.9060596 
0.75414814 2.8596578 
0.8113413 2.8093813 
0.86752893 2.7552919 
0.92263476 2.6974566 
0.97658389 2.6359476 
1.0293028 2.570842 
1.0807197 2.5022218 
1.1307641 2.4301738 
1.1793676 2.3547896 
1.2264634 2.2761651 
1.2719867 2.1944008 
1.3158747 2.1096017 
1.3580667 2.0218767 
1.3985043 1.931339 
1.4371311 1.8381053 
1.4738932 1.7422966 
1.5087391 1.6440371 
1.5416198 1.5434545 
1.5724889 1.4406798 
1.6013025 1.3358472 
1.6280195 1.2290937 
1.6526013 1.1205591 
1.6750125 1.0103856 
1.6952202 0.89871815 
1.7131946 0.78570347 
1.7289087 0.67149049 
1.7423385 0.55622991 
1.7534631 0.44007402 
1.7622646 0.32317648 
1.7687281 0.20569217 
1.7728419 0.087776967 
1.7745975 -0.030412495 
1.7739892 -0.14871899 
1.7710148 -0.26698494 
1.7656751 -0.3850526 
1.7579741 -0.50276427 
1.7479188 -0.61996255 
1.7355196 -0.73649047 
1.7207897 -0.85219177 
1.7037459 -0.96691109 
1.6844077 -1.0804941 
1.6627978 -1.192788 
1.638942 -1.3036412 
1.6128692 -1.412904 
1.5846111 -1.5204286 
1.5542026 -1.6260693 
1.5216812 -1.7296828 
1.4870875 -1.8311283 
1.450465 -1.9302674 
1.4118596 -2.0269651 
1.3713203 -2.1210891 
1.3288985 -2.2125104 
1.2846483 -2.3011037 
1.2386262 -2.3867469 
1.1908913 -2.469322 
1.1415049 -2.5487147 
1.0905306 -2.624815 
1.0380343 -2.6975171 
0.98408393 -2.7667194 
0.92874955 -2.832325 
0.87210305 -2.8942416 
0.81421822 -2.9523818 
0.75517058 -3.006663 
0.69503732 -3.0570077 
0.63389717 -3.1033435 
0.5718303 -3.1456033 
0.50891823 -3.1837254 
0.44524372 -3.2176532 
0.38089066 -3.2473362 
0.31594393 -3.2727289 
0.25048936 -3.2937918 
0.18461352 -3.3104911 
0.1184037 -3.3227987 
0.051947724 -3.3306922 
-0.01466612 -3.3341554 
-0.081349229 -3.3331777 
-0.14801278 -3.3277544 
-0.21456787 -3.3178869 
-0.28092561 -3.3035824 
-0.34699726 -3.284854 
-0.41269433 -3.2617208 
-0.47792875 -3.2342079 
-0.54261291 -3.202346 
-0.60665983 -3.1661718 
-0.66998326 -3.1257278 
-0.73249782 -3.0810622 
-0.79411906 -3.032229 
-0.85476364 -2.9792878 
-0.9143494 -2.9223035 
-0.97279547 -2.8613469 
-1.0300224 -2.7964939 
-1.0859523 -2.7278257 
-1.1405088 -2.6554289 
-1.1936174 -2.579395 
-1.2452053 -2.4998205 
-1.2952017 -2.4168068 
-1.3435378 -2.33046 
-1.390147 -2.2408908 
-1.4349648 -2.1482144 
-1.4779291 -2.05255 
-1.5189801 -1.9540214 
-1.5580606 -1.8527561 
-1.5951157 -1.7488854 
-1.6300934 -1.6425443 
-1.6629443 -1.5338714 
-1.6936217 -1.4230085 
-1.7220819 -1.3101004 
-1.7482839 -1.1952949 
-1.7721898 -1.0787427 
-1.7937646 -0.96059667 
-1.8129766 -0.84101237 
-1.8297968 -0.72014726 
-1.8441998 -0.59816081 
-1.856163 -0.47521416 
-1.8656673 -0.35146996 
-1.8726967 -0.22709214 
-1.8772385 -0.1022457 
-1.8792834 0.022903534 
-1.8788253 0.14818909 
-1.8758616 0.27344412 
-1.8703927 0.39850155 
-1.8624226 0.5231944 
-1.8519588 0.64735591 
-1.8390116 0.77081983 
-1.8235952 0.8934206 
-1.8057268 1.0149936 
-1.785427 1.1353754 
-1.7627194 1.2544039 
-1.7376314 1.3719185 
-1.710193 1.4877606 
-1.6804378 1.6017735 
-1.6484023 1.7138026 
-1.6141263 1.8236961 
-1.5776523 1.9313045 
-1.5390263 2.0364814 
-1.4982966 2.1390831 
-1.455515 2.2389696 
-1.4107356 2.3360039 
-1.3640155 2.4300529 
-1.3154144 2.5209873 
-1.2649947 2.6086816 
-1.2128211 2.6930146 
-1.1589608 2.7738693 
-1.1034834 2.8511334 
-1.0464607 2.9246989 
-0.98796673 2.994463 
-0.92807747 3.0603274 
-0.86687093 3.1221992 
-0.80442694 3.1799906 
-0.74082713 3.2336191 
-0.67615475 3.2830076 
-0.61049459 3.3280846 
-0.5439329 3.3687842 
-0.47655722 3.4050464 
-0.40845629 3.4368169 
-0.33971995 3.4640473 
-0.27043901 3.4866953 
-0.2007051 3.5047246 
-0.13061061 3.5181049 
-0.060248512 3.5268123 
0.010287733 3.5308288 
0.08090431 3.530143 
0.15150717 3.5247494 
0.22200216 3.5146489 
0.29229514 3.4998488 
0.36229211 3.4803624 
0.43189936 3.4562096 
0.50102355 3.4274163 
0.56957188 3.3940147 
0.63745217 3.3560433 
