1000
1 0 
0.99933333 -0.066666667 
0.99733378 -0.13324444 
0.994004 -0.19964453 
0.98934844 -0.26577837 
0.98337331 -0.33155775 
0.97608657 -0.39689493 
0.96749795 -0.46170277 
0.95761889 -0.52589483 
0.94646258 -0.58938549 
0.9340439 -0.65209008 
0.9203794 -0.71392494 
0.90548732 -0.77480762 
0.88938751 -0.8346569 
0.87210144 -0.89339297 
0.85365218 -0.95093747 
0.83406433 -1.0072137 
0.81336402 -1.0621465 
0.79157884 -1.1156626 
0.76873787 -1.1676908 
0.74487156 -1.2181615 
0.72001175 -1.2670075 
0.69419159 -1.3141636 
0.66744553 -1.359567 
0.63980922 -1.4031569 
0.61131955 -1.4448755 
0.58201449 -1.4846668 
0.55193314 -1.522478 
0.52111563 -1.5582586 
0.48960305 -1.5919608 
0.45743743 -1.6235397 
0.42466168 -1.6529532 
0.39131951 -1.680162 
0.35745539 -1.7051298 
0.32311449 -1.7278234 
0.28834261 -1.7482125 
0.25318613 -1.7662699 
0.21769194 -1.7819714 
0.18190738 -1.7952963 
0.14588019 -1.8062265 
0.1096584 -1.8147477 
0.073290343 -1.8208485 
0.036824513 -1.8245206 
0.00030955165 -1.8257592 
-0.036205839 -1.8245627 
-0.072672955 -1.8209326 
-0.10904316 -1.8148738 
-0.14526794 -1.8063943 
-0.18129898 -1.7955055 
-0.21708822 -1.7822219 
-0.25258794 -1.7665612 
-0.28775077 -1.7485443 
-0.32252982 -1.7281952 
-0.35687871 -1.7055411 
-0.39075161 -1.6806122 
-0.42410335 -1.6534417 
-0.45688945 -1.6240658 
-0.48906617 -1.5925238 
-0.5205906 -1.5588577 
-0.5514207 -1.5231124 
-0.58151533 -1.4853356 
-0.61083437 -1.4455777 
-0.6393387 -1.4038917 
-0.66699031 -1.3603332 
-0.69375231 -1.3149603 
-0.71958902 -1.2678335 
-0.74446596 -1.2190157 
-0.76834996 -1.1685719 
-0.79120917 -1.1165696 
-0.81301309 -1.0630779 
-0.83373264 -1.0081683 
-0.85334018 -0.95191402 
-0.87180957 -0.89439007 
-0.88911616 -0.83567317 
-0.90523688 -0.77584164 
-0.92015022 -0.71497529 
-0.9338363 -0.65315529 
-0.94627684 -0.5904641 
-0.95745528 -0.52698534 
-0.96735668 -0.46280366 
-0.97596785 -0.39800468 
-0.9832773 -0.33267482 
-0.98927527 -0.26690122 
-0.99395378 -0.2007716 
-0.99730658 -0.13437417 
-0.99932919 -0.067797478 
-1.0000189 -0.0011303335 
-0.99937485 0.065538348 
-0.99739783 0.13211965 
-0.99409051 0.19852475 
-0.98945728 0.2646651 
-0.98350434 0.33045248 
-0.97623962 0.39579914 
-0.96767281 0.46061791 
-0.95781534 0.52482235 
-0.94668035 0.58832683 
-0.93428269 0.65104663 
-0.92063891 0.71289811 
-0.90576718 0.77379878 
-0.88968736 0.83366739 
-0.87242089 0.8924241 
-0.8539908 0.94999055 
-0.83442166 1.0062899 
-0.81373958 1.0612472 
-0.79197214 1.114789 
-0.76914838 1.1668439 
-0.74529873 1.2173426 
-0.72045502 1.2662176 
-0.69465036 1.3134038 
-0.66791918 1.3588382 
-0.64029714 1.4024603 
-0.61182107 1.4442118 
-0.58252895 1.4840371 
-0.55245986 1.521883 
-0.52165389 1.557699 
-0.49015214 1.5914375 
-0.45799663 1.6230533 
-0.42523023 1.6525044 
-0.39189665 1.6797514 
-0.35804036 1.704758 
-0.3237065 1.7274909 
-0.28894088 1.7479197 
-0.25378986 1.7660171 
-0.21830033 1.7817591 
-0.18251961 1.7951246 
-0.14649544 1.8060958 
-0.11027586 1.8146581 
-0.073909179 1.8208001 
-0.037443905 1.8245135 
-0.00092867257 1.8257934 
0.035587815 1.8246381 
0.072056852 1.8210492 
0.1084298 1.8150314 
0.14465814 1.8065927 
0.18069355 1.7957444 
0.21648798 1.782501 
0.25199367 1.7668801 
0.28716328 1.7489026 
0.32194989 1.7285925 
0.35630711 1.7059768 
0.39018911 1.6810856 
0.42355069 1.6539523 
0.45634737 1.624613 
0.4885354 1.5931067 
0.52007184 1.5594756 
0.55091464 1.5237645 
0.58102266 1.486021 
0.61035573 1.4462955 
0.63887474 1.4046409 
0.66654164 1.3611129 
0.69331953 1.3157693 
0.71917271 1.2686709 
0.74406668 1.2198802 
0.76796824 1.1694625 
0.79084551 1.117485 
0.81266798 1.064017 
0.83340654 1.0091298 
0.85303353 0.95289659 
0.87152277 0.89539243 
0.88884961 0.83669398 
0.90499092 0.77687954 
0.91992518 0.71602889 
0.93363248 0.6542232 
0.94609452 0.59154488 
0.95729469 0.52807755 
0.96721804 0.46390585 
0.97585135 0.39911538 
0.98318309 0.33379255 
0.98920348 0.26802448 
0.9939045 0.2018989 
0.99727988 0.135504 
0.99932511 0.068928336 
1.0000375 0.0022607099 
0.99941598 -0.064409961 
0.9974615 -0.13099475 
0.99417663 -0.19740486 
0.98956575 -0.2635517 
0.98363501 -0.32934704 
0.97639231 -0.39470315 
0.96784732 -0.45953283 
0.95801143 -0.52374963 
0.94689776 -0.58726789 
0.93452114 -0.6500029 
0.92089807 -0.71187097 
0.90604672 -0.7727896 
0.88998689 -0.83267752 
0.87274002 -0.89145486 
0.85432909 -0.94904322 
0.83477868 -1.0053658 
0.81411484 -1.0603475 
0.79236515 -1.1139149 
0.76955861 -1.1659966 
0.74572564 -1.2165232 
0.72089802 -1.2654272 
0.69510888 -1.3126435 
0.6683926 -1.358109 
0.64078483 -1.4017631 
0.61232238 -1.4435476 
0.58304321 -1.4834067 
0.55298638 -1.5212873 
0.52219198 -1.5571389 
0.49070107 -1.5909136 
0.45855567 -1.6225664 
0.42579864 -1.652055 
0.39247367 -1.6793402 
0.35862522 -1.7043856 
0.32429842 -1.7271577 
0.28953907 -1.7476261 
0.25439352 -1.7657637 
0.21890865 -1.781546 
0.18313179 -1.7949523 
0.14711066 -1.8059644 
0.1108933 -1.8145678 
0.074528011 -1.820751 
0.038063306 -1.8245057 
0.0015478168 -1.8258269 
-0.034969753 -1.8247129 
-0.071440697 -1.8211651 
-0.10781637 -1.8151883 
-0.14404826 -1.8067904 
-0.18008803 -1.7959826 
-0.21588763 -1.7827794 
-0.25139929 -1.7671984 
-0.28657566 -1.7492603 
-0.32136982 -1.7289891 
-0.35573535 -1.7064118 
-0.38962643 -1.6815585 
-0.42299785 -1.6544624 
-0.4558051 -1.6251595 
-0.48800442 -1.5936891 
-0.51955287 -1.560093 
-0.55040836 -1.5244161 
-0.58052974 -1.4867059 
-0.60987684 -1.4470128 
-0.63841051 -1.4053897 
-0.6660927 -1.361892 
-0.69288647 -1.3165779 
-0.71875611 -1.2695078 
-0.74366709 -1.2207444 
-0.7675862 -1.1703527 
-0.79048153 -1.1184001 
-0.81232255 -1.0649557 
-0.83308011 -1.0100909 
-0.85272654 -0.95387883 
-0.87123564 -0.89639448 
-0.8885827 -0.83771451 
-0.9047446 -0.77791718 
-0.91969978 -0.71708226 
-0.9334283 -0.65529089 
-0.94591183 -0.59262548 
-0.95713373 -0.5291696 
-0.96707903 -0.46500791 
-0.97573447 -0.40022597 
-0.9830885 -0.33491019 
-0.98913131 -0.26914768 
-0.99385485 -0.20302616 
-0.9972528 -0.13663382 
-0.99932064 -0.070059211 
-1.0000556 -0.0033911285 
-0.99945673 0.063281506 
-0.99752479 0.12986977 
-0.99426238 0.19628484 
-0.98967384 0.26243814 
-0.9837653 0.32824144 
-0.97654463 0.39360697 
-0.96802146 0.45844754 
-0.95820716 0.52267667 
-0.94711482 0.58620869 
-0.93475924 0.64895888 
-0.92115689 0.71084352 
-0.90632591 0.77178008 
-0.89028609 0.83168729 
-0.87305882 0.89048524 
-0.85466708 0.9480955 
-0.83513539 1.0044412 
-0.81448981 1.0594473 
-0.79275787 1.1130403 
-0.76996856 1.1651488 
-0.74615227 1.2157033 
-0.72134077 1.2646363 
-0.69556715 1.3118826 
-0.66886578 1.3573792 
-0.64127229 1.4010653 
-0.61282347 1.4428827 
-0.58355727 1.4827757 
-0.55351271 1.520691 
-0.52272988 1.5565781 
-0.49124984 1.590389 
-0.45911456 1.6220787 
-0.4263669 1.651605 
-0.39305056 1.6789284 
-0.35920996 1.7040125 
-0.32489024 1.7268238 
-0.29013717 1.7473319 
-0.2549971 1.7655095 
-0.21951692 1.7813323 
-0.18374392 1.7947792 
-0.14772584 1.8058323 
-0.11151071 1.8144768 
-0.075146838 1.8207012 
-0.038682716 1.8244972 
-0.0021669841 1.8258597 
0.034351655 1.8247869 
0.070824492 1.8212803 
0.10720288 1.8153445 
0.1434383 1.8069874 
0.17948242 1.7962202 
0.21528717 1.7830572 
0.25080479 1.767516 
0.28598791 1.7496173 
0.3207896 1.7293851 
0.35516344 1.7068462 
0.38906359 1.6820307 
0.42244483 1.6549718 
0.45526263 1.6257055 
0.48747323 1.5942708 
0.51903367 1.5607098 
0.54990184 1.5250671 
0.58003658 1.4873902 
0.60939769 1.4477295 
0.63794602 1.4061379 
0.66564348 1.3626707 
0.69245313 1.317386 
0.71833922 1.2703442 
0.74326721 1.221608 
0.76720386 1.1712425 
0.79011724 1.1193147 
0.81197679 1.0658941 
0.83275335 1.0110517 
0.85241922 0.95486075 
0.87094815 0.89739622 
0.88831544 0.83873475 
0.90449793 0.77895456 
0.91947402 0.7181354 
0.93322375 0.65635837 
0.94572876 0.59370588 
0.9569724 0.5302615 
0.96693965 0.46610983 
0.97561722 0.40133645 
0.98299353 0.33602774 
0.98905876 0.27027082 
0.9938048 0.20415339 
0.99722533 0.13776363 
0.99931579 0.071190102 
1.0000734 0.0045215891 
0.9994971 -0.062152984 
0.99758771 -0.12874469 
0.99434775 -0.19516471 
0.98978156 -0.26132445 
0.98389522 -0.32713567 
0.97669657 -0.39251059 
0.96819523 -0.45736202 
0.95840253 -0.52160346 
0.94733152 -0.58514923 
0.93499698 -0.64791457 
0.92141536 -0.70981575 
0.90660477 -0.77077023 
0.89058496 -0.83069671 
0.8733773 -0.88951524 
0.85500475 -0.94714738 
0.8354918 -1.0035163 
0.81486448 -1.0585467 
0.7931503 -1.1121653 
0.77037823 -1.1643006 
0.74657863 -1.2148829 
0.72178325 -1.2638449 
0.69602517 -1.3111212 
0.66933873 -1.3566488 
0.64175952 -1.400367 
0.61332435 -1.4422173 
0.58407112 -1.4821442 
0.55403885 -1.5200941 
0.52326761 -1.5560167 
0.49179843 -1.5898638 
0.45967329 -1.6215905 
0.42693503 -1.6511543 
0.39362732 -1.6785159 
0.35979459 -1.7036387 
0.32548195 -1.7264892 
0.29073518 -1.747037 
0.25560061 -1.7652547 
0.22012512 -1.7811179 
0.18435601 -1.7946055 
0.148341 -1.8056995 
0.11212811 -1.8143851 
0.07576566 -1.8206507 
0.039302135 -1.824488 
0.0027861742 -1.8258918 
-0.033733519 -1.8248603 
-0.070208236 -1.8213948 
-0.10658933 -1.8155 
-0.14282827 -1.8071837 
-0.17887672 -1.796457 
-0.21468661 -1.7833343 
-0.25021017 -1.7678329 
-0.28540002 -1.7499737 
-0.32020923 -1.7297804 
-0.35459137 -1.7072799 
-0.38850057 -1.6825023 
-0.42189162 -1.6554806 
-0.45471997 -1.6262508 
-0.48694184 -1.594852 
-0.51851425 -1.561326 
-0.54939509 -1.5257175 
-0.57954318 -1.488074 
-0.6089183 -1.4484457 
-0.63748127 -1.4068856 
-0.66519399 -1.3634489 
-0.69201951 -1.3181937 
-0.71792203 -1.2711802 
-0.74286702 -1.2224713 
-0.7668212 -1.1721319 
-0.78975263 -1.120229 
-0.81163071 -1.066832 
-0.83242626 -1.0120121 
-0.85211155 -0.95584233 
-0.87066032 -0.89839766 
-0.88804784 -0.83975471 
-0.9042509 -0.77999169 
-0.9192479 -0.7191883 
-0.93301883 -0.65742565 
-0.94554533 -0.59478611 
-0.95681069 -0.53135323 
-0.96679988 -0.46721161 
-0.97549958 -0.40244681 
-0.98289818 -0.33714521 
-0.98898582 -0.2713939 
-0.99375438 -0.20528058 
-0.99719749 -0.13889344 
-0.99931056 -0.072321009 
-1.0000908 -0.0056520911 
-0.99953708 0.061024395 
-0.99765024 0.12761952 
-0.99443275 0.19404445 
-0.9898889 0.26021061 
-0.98402476 0.32602973 
-0.97684815 0.39141402 
-0.96836864 0.45627629 
-0.95859754 0.52053002 
-0.94754787 0.5840895 
-0.93523438 0.64686996 
-0.92167349 0.70878768 
-0.90688329 0.76976005 
-0.8908835 0.82970576 
-0.87369546 0.88854486 
-0.8553421 0.94619886 
-0.8358479 1.0025909 
-0.81523885 1.0576457 
-0.79354244 1.1112898 
-0.77078762 1.1634518 
-0.74700472 1.214062 
-0.72222548 1.2630529 
-0.69648294 1.3103593 
-0.66981143 1.3559179 
-0.64224653 1.399668 
-0.61382501 1.4415514 
-0.58458476 1.481512 
-0.5545648 1.5194966 
-0.52380516 1.5554546 
-0.49234686 1.589338 
-0.46023187 1.6211016 
-0.42750301 1.650703 
-0.39420395 1.6781027 
-0.3603791 1.7032642 
-0.32607356 1.726154 
-0.2913331 1.7467415 
-0.25620405 1.7649992 
-0.22073326 1.7809028 
-0.18496805 1.7944311 
-0.14895612 1.805566 
-0.11274549 1.8142927 
-0.076384476 1.8205995 
-0.039921563 1.8244781 
-0.003405387 1.8259232 
0.033115347 1.8249329 
0.069591929 1.8215086 
0.10597571 1.8156548 
0.14221815 1.8073793 
0.17827093 1.7966932 
0.21408594 1.7836107 
0.24961543 1.7681492 
0.28481201 1.7503294 
0.31962872 1.7301751 
0.35401914 1.707713 
0.38793738 1.6829733 
0.42133823 1.6559888 
0.45417711 1.6267956 
0.48641024 1.5954326 
0.51799462 1.5619416 
0.54888812 1.5263674 
0.57904954 1.4887572 
0.60843865 1.4491614 
0.63701625 1.4076327 
0.66474423 1.3642266 
0.6915856 1.3190008 
0.71750456 1.2720158 
0.74246654 1.2233341 
0.76643824 1.1730208 
0.7893877 1.1211429 
0.8112843 1.0677696 
0.83209884 1.0129722 
0.85180355 0.95682358 
0.87037215 0.8993988 
0.88777988 0.84077439 
0.90400351 0.78102855 
0.91902141 0.72024096 
0.93281355 0.65849271 
0.94536153 0.59586614 
0.95664861 0.53244479 
0.96665974 0.46831326 
0.97538157 0.40355707 
0.98280245 0.33826259 
0.9889125 0.27251692 
0.99370357 0.20640774 
0.99716925 0.14002323 
0.99930494 0.073451931 
1.0001078 0.0067826342 
0.99957669 -0.059895739 
0.99771239 -0.12649425 
0.99451736 -0.19292408 
0.98999587 -0.25909663 
0.98415394 -0.32492362 
0.97699936 -0.39031727 
0.96854169 -0.45519035 
0.95879218 -0.51945633 
0.94776386 -0.58302951 
0.93547143 -0.64582508 
0.92193128 -0.70775929 
0.90716147 -0.76874953 
0.89118171 -0.82871447 
0.8740133 -0.8875741 
0.85567914 -0.94524994 
0.83620369 -1.0016651 
0.81561292 -1.0567442 
0.79393429 -1.1104139 
0.77119673 -1.1626026 
0.74743054 -1.2132406 
0.72266744 -1.2622605 
0.69694046 -1.3095968 
0.67028389 -1.3551864 
0.64273331 -1.3989686 
0.61432545 -1.4408848 
0.5850982 -1.4808793 
0.55509055 -1.5188986 
0.52434252 -1.554892 
0.49289512 -1.5888116 
0.46079029 -1.620612 
0.42807086 -1.650251 
0.39478046 -1.6776889 
0.36096349 -1.7028891 
0.32666507 -1.7258181 
0.29193093 -1.7464452 
0.25680741 -1.764743 
0.22134134 -1.780687 
0.18558004 -1.7942559 
0.1495712 -1.8054318 
0.11336285 -1.8141996 
0.077003286 -1.8205476 
0.040540999 -1.8244675 
0.0040246221 -1.8259539 
-0.032497139 -1.8250049 
-0.068975572 -1.8216217 
-0.10536202 -1.815809 
-0.14160796 -1.8075743 
-0.17766504 -1.7969287 
-0.21348517 -1.7838864 
-0.24902058 -1.7684648 
-0.28422386 -1.7506845 
-0.31904807 -1.7305691 
-0.35344675 -1.7081455 
-0.38737403 -1.6834436 
-0.42078465 -1.6564964 
-0.45363406 -1.6273397 
-0.48587843 -1.5960126 
-0.51747476 -1.5625567 
-0.54838091 -1.5270167 
-0.57855566 -1.4894399 
-0.60795875 -1.4498766 
-0.63655098 -1.4083794 
-0.6642942 -1.3650038 
-0.69115141 -1.3198075 
-0.71708679 -1.2728509 
-0.74206575 -1.2241965 
-0.76605497 -1.1739093 
-0.78902245 -1.1220564 
-0.81093757 -1.0687068 
-0.83177108 -1.0139319 
-0.8514952 -0.95780451 
-0.87008363 -0.90039962 
-0.88751157 -0.84179378 
-0.90375577 -0.78206515 
-0.91879457 -0.72129339 
-0.9326079 -0.65955955 
-0.94517736 -0.59694599 
-0.95648616 -0.5335362 
-0.96651923 -0.46941477 
-0.97526317 -0.40466721 
-0.98270634 -0.33937988 
-0.9888388 -0.27363988 
-0.99365237 -0.20753486 
-0.99714064 -0.14115301 
-0.99929894 -0.074582869 
-1.0001244 -0.0079132178 
-0.99961591 0.058767017 
-0.99777416 0.1253689 
-0.9946016 0.1918036 
-0.99010246 0.2579825 
-0.98428274 0.32381734 
-0.9771502 0.38922032 
-0.96871436 0.45410418 
-0.95898647 0.5183824 
-0.9479795 0.58196925 
-0.93570813 0.6447799 
-0.92218872 0.70673059 
-0.90743932 0.76773868 
-0.89147959 0.82772281 
-0.87433081 0.88660297 
-0.85601586 0.94430062 
-0.83655917 1.0007388 
-0.81598669 1.0558423 
-0.79432586 1.1095375 
-0.77160556 1.1617528 
-0.7478561 1.2124187 
-0.72310915 1.2614675 
-0.69739773 1.3088338 
-0.67075612 1.3544544 
-0.64321986 1.3982685 
-0.61482568 1.4402177 
-0.58561144 1.4802459 
-0.55561611 1.5182999 
-0.5248797 1.5543287 
-0.49344321 1.5882845 
-0.46134856 1.6201218 
-0.42863856 1.6497983 
-0.39535683 1.6772744 
-0.36154777 1.7025133 
-0.32725647 1.7254815 
-0.29252867 1.7461483 
-0.25741069 1.7644861 
-0.22194936 1.7804705 
-0.18619198 1.7940801 
-0.15018625 1.8052969 
-0.11398019 1.8141057 
-0.077622091 1.820495 
-0.041160443 1.8244562 
-0.0046438793 1.8259839 
0.031878894 1.8250762 
0.068359165 1.8217342 
0.10474828 1.8159624 
0.14099769 1.8077685 
0.17705906 1.7971635 
0.2128843 1.7841615 
0.2484256 1.7687797 
0.28363558 1.7510389 
0.31846727 1.7309625 
0.3528742 1.7085773 
0.3868105 1.6839133 
0.42023089 1.6570034 
0.45309081 1.6278833 
0.48534641 1.596592 
0.51695469 1.5631712 
0.54787348 1.5276654 
0.57806153 1.4901221 
0.6074786 1.4505912 
0.63608544 1.4091256 
0.66384389 1.3657805 
0.69071694 1.3206137 
0.71666874 1.2736855 
0.74166467 1.2250584 
0.76567139 1.1747974 
0.78865689 1.1229695 
0.81059051 1.0696437 
0.83144299 1.0148912 
0.85118652 0.9587851 
0.86979477 0.90140014 
0.88724291 0.84281289 
0.90350767 0.78310149 
0.91856736 0.72234558 
0.93240189 0.66062619 
0.94499282 0.59802565 
0.95632333 0.53462744 
0.96637833 0.47051614 
0.9751444 0.40577724 
0.98260985 0.34049709 
0.98876472 0.27476277 
0.9936008 0.20866195 
0.99711164 0.14228279 
0.99929255 0.075713821 
1.0001406 0.0090438417 
0.99965475 -0.05763823 
0.99783555 -0.12424345 
0.99468546 -0.190683 
0.99020867 -0.25686824 
0.98441117 -0.3227109 
0.97730068 -0.38812317 
0.96888668 -0.4530178 
0.9591804 -0.51730824 
0.94819478 -0.58090872 
0.93594448 -0.64373444 
0.92244582 -0.70570158 
0.90771683 -0.7667275 
0.89177713 -0.8267308 
0.874648 -0.88563146 
0.85635227 -0.9433509 
0.83691435 -0.99981216 
0.81636017 -1.0549399 
0.79471713 -1.1086606 
0.7720141 -1.1609027 
0.74828138 -1.2115963 
0.72355059 -1.260674 
0.69785475 -1.3080703 
0.67122811 -1.3537219 
0.64370618 -1.3975679 
0.61532569 -1.43955 
0.58612447 -1.479612 
0.55614148 -1.5177005 
0.52541671 -1.5537648 
0.49399113 -1.5877568 
0.46190667 -1.619631 
0.42920611 -1.649345 
0.39593307 -1.6768592 
0.36213193 -1.7021369 
0.32784778 -1.7251442 
0.29312633 -1.7458506 
0.2580139 -1.7642285 
0.22255732 -1.7802533 
0.18680388 -1.7939036 
0.15080127 -1.8051612 
0.11459751 -1.8140112 
0.07824089 -1.8204417 
0.041779895 -1.8244442 
0.0052631584 -1.8260132 
-0.031260614 -1.8251467 
-0.067742708 -1.8218459 
-0.10413446 -1.8161152 
-0.14038734 -1.8079621 
-0.176453 -1.7973977 
-0.21228331 -1.7844359 
-0.24783051 -1.769094 
-0.28304717 -1.7513926 
-0.31788632 -1.7313552 
-0.3523015 -1.7090085 
-0.3862468 -1.6843824 
-0.41967695 -1.6575097 
-0.45254736 -1.6284262 
-0.48481419 -1.5971708 
-0.5164344 -1.5637851 
-0.54736581 -1.5283136 
-0.57756717 -1.4908037 
-0.6069982 -1.4513053 
-0.63561964 -1.4098712 
-0.66339332 -1.3665567 
-0.69028219 -1.3214194 
-0.71625039 -1.2745197 
-0.74126328 -1.2259199 
-0.76528751 -1.1756851 
-0.78829102 -1.1238822 
-0.81024313 -1.0705802 
-0.83111457 -1.0158502 
-0.8508775 -0.95976537 
-0.86950556 -0.90240036 
-0.88697389 -0.84383172 
-0.90325921 -0.78413757 
-0.91833979 -0.72339753 
-0.93219551 -0.66169262 
-0.9448079 -0.59910512 
-0.95616013 -0.53571852 
-0.96623706 -0.47161737 
-0.97502525 -0.40688715 
-0.98251298 -0.34161421 
-0.98869026 -0.2758856 
-0.99354884 -0.20978899 
-0.99708225 -0.14341255 
-0.99928578 -0.076844787 
-1.0001565 -0.010174505 
-0.99969321 0.056509377 
-0.99789656 0.12311792 
-0.99476894 0.18956228 
-0.99031451 0.25575383 
-0.98453922 0.3216043 
-0.97745078 0.38702584 
-0.96905863 0.45193121 
-0.95937397 0.51623383 
-0.94840971 0.57984794 
-0.93618047 0.64268869 
-0.92270258 0.70467226 
-0.907994 0.76571598 
-0.89207435 0.82573844 
-0.87496487 0.88465957 
-0.85668836 0.94240079 
-0.83726922 0.99888508 
-0.81673334 1.0540371 
-0.79510811 1.1077833 
-0.77242237 1.160052 
-0.74870639 1.2107734 
-0.72399178 1.25988 
-0.69831152 1.3073062 
-0.67169985 1.3529888 
-0.64419228 1.3968668 
-0.61582548 1.4388817 
-0.58663729 1.4789775 
-0.55666665 1.5171006 
-0.52595353 1.5532003 
-0.49453889 1.5872284 
-0.46246463 1.6191396 
-0.42977353 1.6488911 
-0.39650919 1.6764434 
-0.36271598 1.7017597 
-0.32843897 1.7248063 
-0.29372389 1.7455523 
-0.25861703 1.7639702 
-0.22316521 1.7800354 
-0.18741573 1.7937264 
-0.15141626 1.8050249 
-0.11521481 1.813916 
-0.078859682 1.8203877 
-0.042399354 1.8244314 
-0.0058824591 1.8260418 
0.030642298 1.8252166 
0.067126202 1.821957 
0.10352059 1.8162672 
0.13977692 1.808155 
0.17584684 1.7976311 
0.21168223 1.7847096 
0.2472353 1.7694076 
0.28245863 1.7517457 
0.31730523 1.7317473 
0.35172864 1.7094391 
0.38568294 1.6848509 
0.41912283 1.6580154 
0.45200373 1.6289686 
0.48428176 1.597749 
0.51591389 1.5643984 
0.54685791 1.5289612 
0.57707257 1.4914847 
0.60651755 1.4520189 
0.63515358 1.4106164 
0.66294247 1.3673324 
0.68984716 1.3222247 
0.71583175 1.2753534 
0.7408616 1.226781 
0.76490331 1.1765724 
0.78792482 1.1247945 
0.80989543 1.0715163 
0.83078582 1.0168089 
0.85056814 0.9607453 
0.869216 0.90340026 
0.88670453 0.84485026 
0.9030104 0.78517339 
0.91811186 0.72444925 
0.93198877 0.66275883 
0.94462262 0.6001844 
0.95599656 0.53680944 
0.96609542 0.47271846 
0.97490573 0.40799695 
0.98241573 0.34273124 
0.98861541 0.27700837 
0.9934965 0.21091601 
0.99705249 0.14454229 
0.99927863 0.077975768 
1.000172 0.011305208 
0.99973128 -0.055380459 
0.99795719 -0.12199229 
0.99485204 -0.18844144 
0.99041997 -0.25463928 
0.98466691 -0.32049752 
0.97760051 -0.38592832 
0.96923021 -0.4508444 
0.95956717 -0.51515918 
0.94862428 -0.57878689 
0.93641612 -0.64164265 
0.92295899 -0.70364263 
0.90827083 -0.76470413 
0.89237124 -0.82474572 
0.87528141 -0.88368731 
0.85702414 -0.94145027 
0.83762379 -0.99795758 
0.81710622 -1.0531339 
0.7954988 -1.1069055 
0.77283036 -1.1592008 
0.74913112 -1.2099501 
0.7244327 -1.2590855 
0.69876804 -1.3065416 
0.67217136 -1.3522551 
0.64467814 -1.3961651 
0.61632506 -1.4382128 
0.58714992 -1.4783424 
0.55719163 -1.5165001 
0.52649017 -1.5526352 
0.49508647 -1.5866995 
0.46302243 -1.6186474 
0.4303408 -1.6484365 
0.39708517 -1.6760269 
0.36329991 -1.7013819 
0.32903007 -1.7244677 
0.29432136 -1.7452534 
0.25922008 -1.7637113 
0.22377304 -1.7798168 
0.18802753 -1.7935485 
0.1520312 -1.8048879 
0.11583209 -1.8138201 
0.079478467 -1.820333 
0.043018821 -1.824418 
0.0065017813 -1.8260697 
-0.030023947 -1.8252858 
-0.066509646 -1.8220673 
-0.10290665 -1.8164186 
-0.13916642 -1.8083472 
-0.17524059 -1.7978639 
-0.21108104 -1.7849826 
-0.24663997 -1.7697206 
-0.28186995 -1.7520981 
-0.316724 -1.7321387 
-0.35115563 -1.709869 
-0.3851189 -1.6853187 
-0.41856853 -1.6585206 
-0.4514599 -1.6295103 
-0.48374913 -1.5983266 
-0.51539316 -1.5650112 
-0.54634979 -1.5296083 
-0.57657772 -1.4921652 
-0.60603664 -1.4527319 
-0.63468725 -1.411361 
-0.66249135 -1.3681076 
-0.68941184 -1.3230294 
-0.71541282 -1.2761866 
-0.74045961 -1.2276416 
-0.76451881 -1.1774592 
-0.78755831 -1.1257064 
-0.8095474 -1.072452 
-0.83045674 -1.0177672 
-0.85025845 -0.9617249 
-0.86892611 -0.90439986 
-0.88643482 -0.84586852 
-0.90276123 -0.78620895 
-0.91788357 -0.72550073 
-0.93178166 -0.66382482 
-0.94443697 -0.6012635 
-0.95583262 -0.53790019 
-0.9659534 -0.47381941 
-0.97478582 -0.40910664 
-0.98231809 -0.34384818 
-0.98854018 -0.27813108 
-0.99344377 -0.21204298 
-0.99702234 -0.14567203 
-0.9992711 -0.079106761 
-1.0001871 -0.01243595 
-0.99976898 0.054251477 
-0.99801744 0.12086657 
-0.99493476 0.18732049 
-0.99052506 0.2535246 
-0.98479422 0.31939058 
-0.97774988 0.38483061 
-0.96940143 0.44975738 
-0.95976002 0.5140843 
-0.94883849 0.57772558 
-0.93665142 0.64059633 
-0.92321506 0.70261269 
-0.90854733 0.76369195 
-0.89266779 0.82375265 
-0.87559763 0.88271467 
-0.8573596 0.94049936 
-0.83797804 0.99702967 
-0.8174788 1.0522302 
-0.79588921 1.1060273 
-0.77323807 1.1583492 
-0.74955559 1.2091262 
-0.72487336 1.2582905 
-0.69922431 1.3057765 
-0.67264263 1.3515209 
-0.64516378 1.3954628 
-0.61682441 1.4375434 
-0.58766233 1.4777066 
-0.55771642 1.515899 
-0.52702663 1.5520695 
-0.49563389 1.5861699 
-0.46358007 1.6181547 
-0.43090792 1.6479813 
-0.39766103 1.6756098 
-0.36388372 1.7010035 
-0.32962106 1.7241284 
-0.29491875 1.7449537 
-0.25982306 1.7634516 
-0.22438081 1.7795976 
-0.18863927 1.7933699 
-0.15264612 1.8047502 
-0.11644935 1.8137235 
-0.080097246 1.8202776 
-0.043638295 1.8244039 
-0.0071211247 1.8260969 
0.02940556 1.8253542 
0.065893041 1.8221769 
0.10229265 1.8165693 
0.13855584 1.8085387 
0.17463425 1.798096 
0.21047974 1.785255 
0.24604452 1.7700328 
0.28128115 1.7524498 
0.31614263 1.7325295 
0.35058245 1.7102983 
