126
0.1 0.3048 0.3048 0.1 
0.10320235 0.30815254 0.35417678 0.81266418 
0.10646226 0.31509697 0.39451841 0.8061888 
0.10981769 0.32456463 0.42770583 0.79976502 
0.11329342 0.33574068 0.45520372 0.79339243 
0.11690439 0.34800627 0.47815404 0.78707061 
0.12065807 0.3608937 0.4974484 0.78079916 
0.12455644 0.37405179 0.5137842 0.77457769 
0.1285974 0.38721905 0.52770808 0.76840579 
0.13277595 0.40020292 0.53964961 0.76228306 
0.13708499 0.41286378 0.5499474 0.75620913 
0.14151603 0.4251025 0.55886928 0.75018359 
0.14605964 0.4368509 0.56662806 0.74420606 
0.15070587 0.44806433 0.5733936 0.73827616 
0.15544449 0.45871597 0.57930231 0.73239352 
0.16026522 0.46879243 0.58446442 0.72655774 
0.16515792 0.47829038 0.58896965 0.72076847 
0.17011263 0.4872139 0.59289167 0.71502532 
0.1751197 0.49557251 0.59629147 0.70932794 
0.18016985 0.50337963 0.59922003 0.70367596 
0.18525418 0.51065138 0.60172041 0.69806901 
0.19036421 0.51740574 0.60382936 0.69250673 
0.19549186 0.52366182 0.60557857 0.68698878 
0.20062952 0.52943937 0.60699562 0.6815148 
0.20576996 0.53475838 0.60810482 0.67608443 
0.21090641 0.53963881 0.60892775 0.67069733 
0.21603247 0.54410039 0.60948376 0.66535316 
0.22114216 0.54816244 0.60979035 0.66005157 
0.22622988 0.55184376 0.60986345 0.65479222 
0.23129038 0.5551626 0.60971764 0.64957478 
0.23631878 0.55813655 0.6093664 0.64439891 
0.24131053 0.56078257 0.60882217 0.63926429 
0.2462614 0.56311693 0.60809657 0.63417057 
0.25116746 0.56515525 0.60720041 0.62911745 
0.25602507 0.56691245 0.60614384 0.62410459 
0.26083089 0.56840284 0.60493638 0.61913167 
0.2655818 0.56964004 0.60358698 0.61419837 
0.27027495 0.57063707 0.60210408 0.60930439 
0.27490775 0.57140637 0.60049567 0.6044494 
0.27947778 0.57195976 0.59876925 0.5996331 
0.28398287 0.57230854 0.59693197 0.59485517 
0.28842103 0.57246344 0.59499057 0.59011531 
0.29279047 0.5724347 0.59295143 0.58541322 
0.29708957 0.57223206 0.5908206 0.5807486 
0.30131688 0.57186481 0.58860383 0.57612115 
0.30547111 0.57134177 0.58630657 0.57153056 
0.30955111 0.57067134 0.58393397 0.56697656 
0.31355589 0.56986153 0.58149094 0.56245884 
0.31748457 0.56891993 0.57898213 0.55797712 
0.3213364 0.56785379 0.57641196 0.55353111 
0.32511076 0.56666999 0.57378462 0.54912053 
0.32880714 0.56537509 0.57110407 0.54474509 
0.33242511 0.56397531 0.5683741 0.54040452 
0.33596436 0.56247659 0.5655983 0.53609853 
0.33942467 0.56088456 0.56278005 0.53182685 
0.3428059 0.55920459 0.5599226 0.52758921 
0.34610799 0.55744179 0.557029 0.52338533 
0.34933096 0.55560099 0.55410217 0.51921495 
0.3524749 0.55368683 0.55114486 0.5150778 
0.35553996 0.55170369 0.54815969 0.51097362 
0.35852636 0.54965574 0.54514914 0.50690214 
0.36143436 0.54754696 0.54211558 0.5028631 
0.36426431 0.54538112 0.53906123 0.49885624 
0.36701658 0.54316182 0.53598823 0.49488131 
0.3696916 0.54089246 0.53289857 0.49093806 
0.37228982 0.5385763 0.52979417 0.48702622 
0.37481177 0.53621643 0.52667684 0.48314555 
0.37725799 0.53381578 0.52354828 0.47929581 
0.37962905 0.53137714 0.52041012 0.47547674 
0.38192558 0.52890318 0.51726391 0.4716881 
0.3841482 0.52639641 0.51411109 0.46792965 
0.3862976 0.52385923 0.51095306 0.46420115 
0.38837447 0.52129393 0.50779111 0.46050235 
0.39037952 0.51870267 0.50462648 0.45683303 
0.39231349 0.51608752 0.50146035 0.45319294 
0.39417714 0.51345044 0.49829383 0.44958186 
0.39597123 0.51079329 0.49512796 0.44599956 
0.39769656 0.50811785 0.49196374 0.4424458 
0.39935394 0.50542578 0.48880211 0.43892035 
0.40094416 0.5027187 0.48564394 0.435423 
0.40246807 0.49999812 0.48249009 0.43195351 
0.40392649 0.49726549 0.47934134 0.42851167 
0.40532027 0.49452218 0.47619843 0.42509725 
0.40665026 0.4917695 0.47306208 0.42171004 
0.40791731 0.48900867 0.46993294 0.41834982 
0.40912229 0.48624088 0.46681164 0.41501637 
0.41026606 0.48346725 0.46369879 0.41170948 
0.41134949 0.48068882 0.46059492 0.40842895 
0.41237344 0.47790662 0.45750057 0.40517455 
0.4133388 0.4751216 0.45441622 0.40194608 
0.41424643 0.47233466 0.45134235 0.39874334 
0.4150972 0.46954667 0.44827938 0.39556612 
0.41589199 0.46675844 0.44522773 0.39241422 
0.41663166 0.46397074 0.44218777 0.38928743 
0.41731709 0.46118432 0.43915988 0.38618555 
0.41794913 0.45839987 0.43614437 0.38310839 
0.41852865 0.45561806 0.43314157 0.38005575 
0.41905651 0.4528395 0.43015178 0.37702744 
0.41953356 0.4500648 0.42717526 0.37402325 
0.41996065 0.44729451 0.42421227 0.371043 
0.42033863 0.44452917 0.42126305 0.3680865 
0.42066833 0.44176929 0.41832782 0.36515355 
0.42095059 0.43901534 0.41540679 0.36224398 
0.42118624 0.43626778 0.41250014 0.35935759 
0.4213761 0.43352703 0.40960805 0.3564942 
0.42152098 0.4307935 0.40673068 0.35365362 
0.4216217 0.42806757 0.40386818 0.35083568 
0.42167905 0.4253496 0.40102069 0.34804019 
0.42169384 0.42263994 0.39818833 0.34526698 
0.42166684 0.41993891 0.39537121 0.34251586 
0.42159884 0.41724681 0.39256944 0.33978666 
0.42149061 0.41456392 0.38978311 0.33707921 
0.42134291 0.41189053 0.38701229 0.33439334 
0.42115651 0.40922688 0.38425708 0.33172886 
0.42093215 0.40657322 0.38151752 0.32908562 
0.42067058 0.40392976 0.37879369 0.32646344 
0.42037252 0.40129673 0.37608562 0.32386215 
0.4200387 0.39867432 0.37339336 0.32128159 
0.41966984 0.39606271 0.37071694 0.31872159 
0.41926664 0.39346209 0.3680564 0.31618199 
0.41882981 0.39087261 0.36541176 0.31366262 
0.41836004 0.38829444 0.36278303 0.31116333 
0.417858 0.3857277 0.36017022 0.30868396 
0.41732438 0.38317255 0.35757333 0.30622434 
0.41675984 0.38062909 0.35499238 0.30378432 
0.41616503 0.37809745 0.35242735 0.30136374 
