126
0.1 0.3048 0.3048 0.1 
1 0.31446595 0.35421437 0.81266418 
1 0.32709026 0.39502986 0.8061888 
1 0.34170082 0.4290101 0.79976502 
1 0.35756022 0.45752878 0.79339243 
1 0.37411194 0.48165742 0.78707061 
1 0.39093874 0.50223335 0.78079916 
1 0.40773055 0.51991225 0.77457769 
1 0.42425959 0.53520894 0.76840579 
1 0.44036119 0.54852883 0.76228306 
1 0.45591898 0.56019239 0.75620913 
1 0.47085338 0.57045401 0.75018359 
1 0.48511285 0.57951664 0.74420606 
1 0.49866702 0.58754316 0.73827616 
1 0.51150147 0.59466514 0.73239352 
1 0.5236137 0.60098969 0.72655774 
1 0.53500999 0.6066047 0.72076847 
1 0.54570304 0.61158299 0.71502532 
1 0.55571016 0.61598546 0.70932794 
1 0.56505184 0.61986358 0.70367596 
1 0.57375071 0.6232613 0.69806901 
1 0.58183075 0.62621659 0.69250673 
1 0.58931663 0.62876256 0.68698878 
1 0.59623331 0.6309284 0.6815148 
1 0.60260566 0.63274011 0.67608443 
1 0.60845823 0.63422102 0.67069733 
1 0.61381508 0.63539228 0.66535316 
1 0.61869962 0.63627318 0.66005157 
1 0.62313456 0.63688143 0.65479222 
1 0.62714181 0.63723338 0.64957478 
1 0.63074251 0.63734423 0.64439891 
1 0.63395694 0.63722812 0.63926429 
1 0.63680457 0.6368983 0.63417057 
1 0.63930404 0.63636719 0.62911745 
1 0.6414732 0.63564646 0.62410459 
1 0.64332908 0.63474713 0.61913167 
1 0.64488798 0.63367959 0.61419837 
1 0.64616544 0.63245365 0.60930439 
1 0.64717629 0.63107863 0.6044494 
1 0.64793466 0.62956332 0.5996331 
1 0.64845403 0.62791608 0.59485517 
1 0.64874724 0.62614482 0.59011531 
1 0.64882653 0.62425706 0.58541322 
1 0.64870355 0.62225993 0.5807486 
1 0.64838941 0.62016021 0.57612115 
1 0.64789466 0.61796432 0.57153056 
1 0.64722937 0.61567839 0.56697656 
1 0.64640312 0.61330821 0.56245884 
1 0.64542501 0.6108593 0.55797712 
1 0.64430374 0.6083369 0.55353111 
1 0.64304754 0.60574599 0.54912053 
1 0.64166428 0.6030913 0.54474509 
1 0.64016143 0.60037733 0.54040452 
1 0.6385461 0.59760833 0.53609853 
1 0.63682505 0.59478838 0.53182685 
1 0.63500472 0.59192132 0.52758921 
1 0.63309123 0.5890108 0.52338533 
1 0.63109038 0.58606031 0.51921495 
1 0.62900773 0.58307314 0.5150778 
1 0.62684852 0.58005242 0.51097362 
1 0.62461777 0.57700113 0.50690214 
1 0.62232022 0.57392207 0.5028631 
1 0.61996039 0.57081795 0.49885624 
1 0.61754259 0.56769128 0.49488131 
1 0.61507089 0.56454448 0.49093806 
1 0.61254918 0.56137984 0.48702622 
1 0.60998113 0.55819952 0.48314555 
1 0.60737026 0.55500558 0.47929581 
1 0.60471988 0.55179996 0.47547674 
1 0.60203316 0.5485845 0.4716881 
1 0.59931309 0.54536095 0.46792965 
1 0.59656252 0.54213097 0.46420115 
1 0.59378416 0.53889612 0.46050235 
1 0.59098057 0.53565789 0.45683303 
1 0.58815419 0.53241767 0.45319294 
1 0.58530732 0.52917679 0.44958186 
1 0.58244216 0.52593651 0.44599956 
1 0.57956078 0.52269801 0.4424458 
1 0.57666516 0.51946241 0.43892035 
1 0.57375717 0.51623077 0.435423 
1 0.57083857 0.51300408 0.43195351 
1 0.56791103 0.50978329 0.42851167 
1 0.56497616 0.50656928 0.42509725 
1 0.56203545 0.50336289 0.42171004 
1 0.55909033 0.50016491 0.41834982 
1 0.55614215 0.49697608 0.41501637 
1 0.55319218 0.49379709 0.41170948 
1 0.55024163 0.49062861 0.40842895 
1 0.54729164 0.48747124 0.40517455 
1 0.54434329 0.48432557 0.40194608 
1 0.54139759 0.48119213 0.39874334 
1 0.53845551 0.47807144 0.39556612 
1 0.53551795 0.47496396 0.39241422 
1 0.53258577 0.47187015 0.38928743 
1 0.52965979 0.46879041 0.38618555 
1 0.52674074 0.46572514 0.38310839 
1 0.52382937 0.4626747 0.38005575 
1 0.52092633 0.45963941 0.37702744 
1 0.51803227 0.45661959 0.37402325 
1 0.51514777 0.45361552 0.371043 
1 0.5122734 0.45062748 0.3680865 
1 0.50940969 0.44765571 0.36515355 
1 0.50655713 0.44470043 0.36224398 
1 0.50371617 0.44176185 0.35935759 
1 0.50088726 0.43884016 0.3564942 
1 0.49807079 0.43593554 0.35365362 
1 0.49526714 0.43304814 0.35083568 
1 0.49247667 0.43017811 0.34804019 
1 0.4896997 0.42732556 0.34526698 
1 0.48693653 0.42449062 0.34251586 
1 0.48418744 0.42167339 0.33978666 
1 0.48145271 0.41887395 0.33707921 
1 0.47873257 0.41609239 0.33439334 
1 0.47602724 0.41332877 0.33172886 
1 0.47333693 0.41058314 0.32908562 
1 0.47066183 0.40785556 0.32646344 
1 0.46800211 0.40514605 0.32386215 
1 0.46535793 0.40245466 0.32128159 
1 0.46272943 0.39978139 0.31872159 
1 0.46011673 0.39712626 0.31618199 
1 0.45751997 0.39448928 0.31366262 
1 0.45493923 0.39187044 0.31116333 
1 0.45237462 0.38926973 0.30868396 
1 0.44982621 0.38668714 0.30622434 
1 0.44729407 0.38412264 0.30378432 
1 0.44477827 0.38157622 0.30136374 
